2261232211332221132222312231213241233432222222242422212425432333414123222221232322223134222233724422
2412284242233242323324123422231712242212239132343312233283222223232243212133231242233421332137223222
5222233323336424222233232822233321233222323322231432232323222133223323222231122223241122222423363432
6334436385843957344144444464344343443364644544447655344335564343539284483243547448454254334484416333
2222132225133232413222332442334134223422321122221213342222332323323113334112335222521322243241373221
3253234544235432324455434344423432324554555443424444433434423635335453343544425445245243534344552453
6425332235244124433442343223525434353333544334342234452445533211332433532433212542334442432343423346
1362122232222235323222223222382221122222233222225222333222214333222342132232123122221232153231332233
2211331312422231113221133221322112217223311152113242222231422211212422222232122232224122123232321332
4467565464364534532466565456525437643353337546345543365554775436546563557378465535446436224354367447
2222223322332212321332122233312132622433421232222331131332232322322233421222214223932324232335321322
2634313824424243322134233334443233432123333247534346342134427234222342222582358443322454324323122342
2611412222222222223252122222224521623224122252552522222122222212112222123211212222222232213322222222
1334411442424454447433542423433737342273473424324344442243441431552444544623344333354612541235444354
5569248725145874721352237544822766356851542245244587152252347275232255525344454434472357732214325466
3524433225232444245512323234223324142262332423447114241322422452223234232433224244444294454133222234
3535531214235431144446441244434112414432313232423233325524322243443333231345243212243333343343334233
4151479767252412553473523365772343555774398875463565856815433743856355573485549373536872377493746214
1244214322212221224522126322324122224234226213342122243222223422322222831922252224421353224412222214
3551222322232221223543332314321335422522213424221243322222231432435252322231323321222321314331233222
4624263353453476446325545554545524554493155843333334455526556472655535754455333345745545583655455353
2433334543333543243252332333556123356343334335345332244634433433334224733365353423537433335652433453
2144743524241125233343221324325243243322327414336252314324832351251633241543322552718134244322434468
7733369615534323473432443234535336833273343335396322344333343251333367433323233374113372233839633363
3222222212261232122222122221322122113215222221211323222221252222222112222321243121422223222222222222
5336334554455764245756736453458337765533546341665532456651466443432524333534364563365637733473633423
9723555667476348667767654777775775567568666777465255469357557856885865876577677778378796676574557476
1222332232232322322122327232232222422231423312322212312232132272322222222221322312121223344222121232
3333334122333313323533333334323133233452332343423332234221323332333324223223343322333233222323223254
2155443222422454433214433625451253234295232422463244242235523367342533235153233143562147344422255515
8155584681212526137276166181136111656117282132835823842378765685347272512412642214283871667745581779
1213332221323112322232323212323232232121222223222222422222322233322122132222112121222322222225221222
1224454214534131646335333443225413344743464242336324324253444333573433244353433843332244661353164444
4364365323464527222348332723244531422333334234121121226733577238332551452325522116133624134371332322
6445324252424144354544443522242444852234441434444342554243434453541444245313246225134425324242243454
5722131421311312222442223122432132233421222433142231362222512222342252224222252211222312822233122412
4352255212524245364454293834466455112563282742763564243922122575512542944744823246275223579454358559
2331234334334324333323342221233331325232553233533222332351331332233213232453322262242322224223213232
7134712134588333322612354629966661686157361323322563745247528349132278229643278419533448548623627763
3525544755566642234332452332433535537345543354155144643455254553244344463464453454653245535553453363
1223412222142216212323222222124261323232262231221223223312313222423221242132222212222322222222223321
2321313211423114423214231227422232224243434262524215652123252434143525122423522233225523254322364172
1323232949329627252283471327822222232232436253472622837232235593212218636224213323633232237639323492
9595676867888687944593679577867875488579584947988896769696768764984887859768958999875866449899578988
6525743323234174534553337546311335445445342345355353533457324743694735522553555851464254462553334655
4436565364543575544444644461444642444343274332535588473436447747644943454364856434245344435444746342
3436143223432121312233423236435333443283313325613323233323322332223322321323342354534442353131323322
2221435226324523322323325542923222363344882233212222522525324253326122233335438222526522335233213533
1433547666464759422353447634575535543351255682355422558756548635242545344662625666365565666643456665
8349353974541557455534344377643531665636444545374747376475443675534336365643586564345444574273652635
2533142333343322354333444332333426333235335333332323233513613459532336351342232542335313136334432336
2212122122112242415222222222184132222522213221122323413221242525226222272221232412112222222232622224
2323222232212212122232223212212231323421222222235232342122242132522223221251212222121132222222412122
3353238243544343421352434443442232643642343344263144434434343335344464442343452314333633433524234444
3323231323333233333133212233123233323334433223433333333432222233223121133273332431332333233313333333
2732113324423221112224232141446232322236342212322364242129273212132145222442321424431234632223242821
3442353363838435323334351345375333676335838336533673333333336531334335537349362343433422331333333733
2255234322332133515221332623236223243236232624242211322432622122222141256326412124242224255411286521
4222553433324764314323222222422344342422352224622243423143222244812224413213223242222222412324221224
2135723546523215242353316222521356533153333455535644332634236125462742463226433544555632425362223265
2222223222422152334212442532222222232222112242225232431242222222227233221223227212223246222223232322
2221324121213132122212112222323212224212222533222222223242232222223222222222222122222222212122112111
6643422254532432175554726518952274245828445369232621235825324372353819322532514523247322535559586332
2123223422323312223222212125322222221223212222222121331233122424242221231222522312228232132222222322
2222293233533432723333188124123242212221223323413322332532142332223372321323222424342312213221243223
3221322425545335232444242315425835313243246542223525365234324324333534532322523262553254212544423342
3629226272722627622572265243241222151244636263522529262655437523626734444333445223276324722752445726
2273324527286222256544646581468523811355135535635356324223413272332523122346334263142525253122242355
1221132222222212221222122211224222213321221222232213222221333322221222214321221222127221211222222222
2226452322212332454721272142224522222242223136515362424314223433253262315515122352532423225326523322
5543342342433314527344345344213234722217324327324252123233434344425594234541643643232953445452332647
2232282692122524223216283333263123262452242634822221223212123452262222133432842642312443222112342233
2416342313461423343464223641551111535434552334165145251633645634112222535666121254235242455233461789
3232233232452322334236222122632222323322331322221224233332242433341343322313223325233422336233211332
2485553353913634234273432221343347353222455436362822233223484352445421142332443632128144135373434333
3445276612442223643627164552453523532625324223523233412322525332252234523452313655126566341343635346
5453458242252322445343444743434343345334254433334582333234373535635332434331533442333527343233344348
4233433245425532455434344322445534348332333344353324343333344353333623563333433433443343534445343344
2634566647332373433566637516344554545442213322333337616433333563666755565744925775324733436647245663
4468585655555385545425544754438455435554735555852448523435555366455755453558451453454453454534636558
3243542253333333233233532322323423332354334633434333432353533316123444235235332342235133336346445134
8323222222122222422225422272122722322322212221322331122262222128312123222442131522232211321122232322
4484444444444444433354337426544943333654554794573443544483333334464945454374343343734233434574447264
3478832141444222452222282222211222365747122423427332251253238312322421221322244222173223216423225432
3575547415222262512124234214123221453363131246243122226432324952152262642223421222272242574124222445
4223426522622222333512323332231212612434135233335153222462262522411225232522325423335333323626222465
7253263583755673564544326534451827344676456323953544325126356273625315343337571352226237565344442142
9944333675425493584337225123332362326842837488399313733363443332529233235363775526863333616438345854
7443245615127449245413221221255321272516422364339261327134472122342424465745232666445133627325644419
2232332221133122222214423223223122124331232343212212432222423322222322123322222252222243213235312233
2647454953324442734446427474424943345454416424535444464662643473446346415434244344144445432965342574
5753554576767271855524777456768355376844557463459356363553365873766668365486744448375639645766675933
7355535753315342245443525255435337893333842734444317355225353335349534332252737335644344135655553543
1233222229223342224222422222342124212241471113232221421432212112232222332322222321122212343222254125
3336422155134233312325152325233232123253422232214241321322353511332532435241226224215334531197233533
1122486319452222213152353632245232524212242522512131313135423213231224651234233423212553513652222432
4231255295262955446734492532227946221244335394254191345245524445566452634242445689462345392973528347
5462536444623754535436623325265331255313564633543332446644434446843662215567533533264654553625866413
2353452273245333233336322283233514232336232532553214263553242524425661342232283123232234524333282252
2442322224222233224243242242223133421123235212224242231221222262212212422232132284222211122422422214
2242723212122232222222222223222121233512221222215112111322222412132222311222223122232232332122322222
4544483347153359444584255524571742441782486744377347557463553778488646543334752466324244472584488579
8869965885867676873285888869366778658678555774586763697556867929388458763389373565848775534685682747
3752544354432444354335553443343344334524543344324463354553324394734532426332465436253323323443635455
6432662446235544653555352432326722323536233523155253743433432522256222254324434425525353242653234464
2523243222322123213232122222214222212332222222222221224122222322422122221121332322423221222112222334
4213421181228316124323522222722217222424126122532242222212222316172222444724122721332223222232178221
7572385822235376315818855284272747264685739942755528225794222472264128472272227227334548282731283226
2242123222222421342212222421233422424244224242253325533213232235315343222223444231221324132322522322
4243333423434333233234332334444223524332233422334333324243424334234252325952343423351321423424223333
2751432562353553555136445515555644444355234533353336535245556455525434561543553322511343533153425345
4355923333543544244356544543435455423545341243251535543435335544433344443544445464453543543423663432
2627422221245272121215253215221261133223312221225226122122747332224552251332141253242221122223221152
4543343245545454554564476643454453555464544554565554545584447547557474657435556445548455525554545555
2232132221212231222332122222222221412223222224222222222222122322222221222122111222232131222222222222
5252222223222121321222242222222233122322216222222422113222111232431432822215212222821321322222223121
6445683444443175555463644746439355429557455343544476662484356444435644355654565653347636164445556957
2412223423122123232132222323222232243322322254424422224442341244264424351133233323432223222151222222
2822532412243322344342134332792258233322564315243244432241452432332143352222233751342232231634353624
5952426717636665515675242155342242953338737722447575315332263455258124316362276222263754755352221456
4243635483343334433334436431443655364454253345455643643344344434322553445343653964362453424424444432
1143242133222222745243125122223322342332212232122222122212221422122412222233223121323113222411223222
3553434444334544445344554354343444554343335334124534441554434434434344423344544444334454344445445454
9457624322453133232343333227432413233236232215353431222724222343174534365474266423233325334422444463
4333324331333333531533422356222343213542355572142353354244245313172745233456236337532323635223334327
3845734517115624713142142324662161322366721416265352373651662255522132556764356234562226622115377221
3231222222123412322122222372324352333142312444242733242642642253234225412522222322292623322262223455
7223527853635535673235263422626737352424733566536332673625556156222464224535424366833657253234147326
3231232122233314243252213425222211222324122332332325231251331223322272325243221243322322228522222233
2223222321322322232121442211222113222124222122132252222112212122223222211241121235323212221322222253
3338233323322723232241222342333333223365722223322233362863224334439335231731336331232135231322435333
2245255953516843337566724232235251243212733424443435227236152555235232277263546272532245542311532122
3923545336312424233432142534234549322755322334483253566435623232282556536242233152151544433442335433
2211321121223352222122243222233333124335221332332223322223322232232232321222323262223312232352242242
5231434343333333233243433332322332231544332331334222332333743334333434333433333533433443842321423522
4411433269242673232212223444242142296232422221344354333327421424212826312222223251452122533242222233
2488923493943764938643465854794346749449489847399866446634444444449444664469369348943439834477477967
4222212222222242221323144242224112144624222223121232222232224211122221143222225122222222112222212221
6154252362631522426424213222143262212422163216323462225412233222232542325223232254342443321123142621
5222222221221122311122222121322322421212221413131221123223223222223222232222422112412223232212222221
2242212322232222412224232232332323131112222242132512432333122223332263324431123232143213514223337222
2524422426552333335252251312342116451331333513243423512522443542422214425252263224142422311422265225
6564555246465665454455647434936557686537554645756543455636376566636455656654566544665646646755645685
5351833133333332325252123224742372332522332226232112232223332133513323233335231134323427422332213532
5924334324242231342414424444245353434446212444414443442344423542444563654423223222434465354543342224
2442434433134612455623233234322444122344445125234325442255354144222442234851445124211423212442232243
5534557765343456575433554457565746547347524467445654465675755755154534455445255344543855445354355355
1423512154223221322222222211222122523232242245121243223342444222242224422332423223323434123322322344
2225426342521522654475221445424356231234252146342626245331272425625322453222625223272512658125762372
3352443334353535374232343122232332733232334333321514343334432234342233333343335333432343529351122223
2252232613266236434264544623662426556253222236343355122523236262511212416462556253552232354324536633
3322221223333112322327213233223121324212333423123232252334322334224223523822361341443413221622222261
2222242228122332213223322222222323222222221122223221213222122321231222111222221232212322221223222212
4225633774365674672454523257636432747475447646574757543437553164564587774342236473456352557676537674
3443237373544423233745343433345534356334343712722633332343613342233732353433632434454336325274383426
3456224133342325525233674267665335461343532324434195424532634433535554344622434343434354435152367454
3335634443422354333335253334633642435133433342725643233345364563423345344431243322655345344934223345
5532425517363235243253454555445443155342346323355553325332412321232334535354556314344242561625562653
3232333332152223463533214222452223333233373321354163364346445423322242624437112433224122243254943233
5221242744152141254237424524443124333254245452323524232223314362224424352352122451244242142525421232
3334223433334437244243313236345433534443464424444383333383433443453344633644473343243413323124433433
2544232327312133592253455224431335222625123224346321593242435443393415523324224346422224534521234154
3868568777557876777662757766856847966497688386589678687846748568986886667675786657963585885787694686
2322322534217221323122322272226252222312223112312222232272342122221211312232122322222222112121223222
2222226252282223211232423222222322323232122212321211221223223231123123213231324331122262223221223132
6564264645195525253355675364315345642373652635223396542496445424476666563796342629276449368438346568
1316242531323332244433443222322221236237223272242524323224232354214222314234133321223144312231442521
3482634723294517348325623233132515374537343453235425146338123836452655234422234196812253353657425285
7444446744443614364233443433338323343342345463664223443334345343943245444444234334483454543244533235
6545544555333476345454445446384444348424515552144554455324542554534544444433344555347844536575444645
3722575543232252531463637546546755745332746277365454658653431355323373262543733464366636552522234623
3323322222232222312223633394743223222333223329222132273222111322334321122322333212212221323423322336
3423232222313234463238313322235323322233223633254415332332643467333632422233336225336633233232222624
2223136324132522234182353322352232535562243322452852152562222555529434256212233939255622221332413257
2212143224251125125223522422334342212421412425223424122244222512321226221325122222114223142232422214
5533564854575374634514466523334534355357434534337545444274437542454555345747344443348454375445554455
4359544335355625434335515456343545356353234523553434455643542554133555553345645451346357447255333654
2223274331173323622231342733252634222525231553253233122133122122183322322223333311325223337222224122
2553644552544414234222544142222552423523644432432224845454524552854126542533441533323112425323432331
2223243435522264222246427242262222214242322532225122252235522362338422552332352321222213222231822421
4411332213212233313244342231441134231122221111142122414234114331222432122323432221214141114344356789
2295325854392423344674384163839254465523446465538785474374435646364144978327625683494433447444446462
1312323222737522521222432245525262332232322224425222571423252123135322522222724541244354422223444222
8433594212625225525753673422383464622269664542932362134565521842823325824534293466423343262363617434
1223534422145412335322242231432333314141312542223121231123265532232232315252222332327322344223352223
3332352364433372243455147353212412159445433732333737323652432273373222243576652251522432423147312263
2729222898333435221331344323326433312213237351265464322422255231323342221332324224626312434133312222
3425324545545445223453332315115445222441452233544214344445435324865434424242333233534345446472333236
4187286733776635518354932653253586294398386521722881495783331731558257293164456296685932725669434272
2222222212221222115222231322244131222221223213241242212121222212221211232433221223212222222252231212
3524434333544334443544433447344444426444463463444442443334544434434443444244544453644475444343443444
7771532134411646723376625341243444127142571513447753476663563476121723751734721543141734676136311589
7318332273742332423562385786585678858722378675757392822452138233631442422633326143423697467532124422
4487642253486635853364684437442149765243251454847968413946738446375337934532593636257363563886343447
7655749722454384242122213245554764279343512123472467623787253362453162521372532265322233552125522462
4134313152231245722247232513213134333232263335211433313223343323333133533212251222431128334223322225
1131545154511153434425132322315125132425352445511235233542513514545442234325144353353151253424316789
4323655263212324222364555352422345523422349433633223253423453534533342332284425234346364425217549333
5222436433333326544313438443436333343334434323344434124324434333443323335423242443332633623424554333
3574496523223719521747482356233693525334422523844858327255256422479522253831575252293546696752414424
