11,57
16,7
21,58
69,43
69,39
15,69
15,61
64,35
49,49
17,61
65,35
5,5
43,50
7,11
12,1
31,53
9,4
15,58
68,41
24,69
47,64
27,19
57,56
55,49
61,57
57,42
55,62
41,43
51,40
68,51
49,59
58,33
67,59
23,13
45,61
62,69
39,66
27,7
15,7
28,21
64,37
66,69
63,64
9,9
21,1
29,15
11,11
20,59
35,1
53,3
7,17
35,4
69,55
67,33
17,23
56,41
59,57
37,2
21,15
25,1
18,11
63,47
63,48
33,59
61,49
54,57
47,34
41,0
49,4
59,44
60,45
49,29
47,51
11,21
44,51
61,53
41,8
23,67
51,65
70,45
29,64
49,7
63,66
25,62
35,66
57,38
56,1
6,15
45,37
54,39
63,32
27,16
69,33
46,9
63,49
3,5
29,17
47,70
13,6
31,67
17,15
17,8
11,6
21,13
17,13
23,59
43,68
51,69
35,8
61,29
41,64
18,65
31,58
60,41
23,17
31,63
13,7
53,67
14,1
2,17
68,55
46,7
31,3
67,31
41,5
61,36
45,54
37,55
40,3
53,65
58,45
51,53
49,68
54,55
19,18
22,11
67,67
47,63
64,69
49,64
17,1
33,3
55,47
25,13
13,57
53,64
44,47
43,3
66,47
33,14
5,3
23,4
67,35
49,61
49,41
19,4
27,67
49,69
59,47
51,3
37,69
68,61
10,15
15,14
59,8
26,1
65,49
49,63
41,48
53,52
38,61
39,68
47,1
14,63
13,25
59,69
69,60
58,51
25,61
22,59
45,49
21,65
19,1
55,55
40,59
65,37
64,31
55,51
57,41
13,61
9,15
11,9
21,9
32,59
61,33
44,9
56,51
64,29
44,7
24,57
49,47
41,56
18,61
53,60
1,3
54,45
25,63
57,53
69,57
18,3
53,50
33,61
33,67
63,69
67,57
42,1
68,45
69,42
21,22
63,37
3,1
37,3
25,5
43,5
17,9
11,12
31,4
53,7
25,8
59,61
24,19
27,10
26,61
66,53
43,7
25,4
69,67
69,66
25,70
25,19
53,39
32,55
1,5
21,5
68,31
47,39
53,43
23,19
7,18
33,65
12,61
67,34
5,13
60,69
57,67
31,59
61,44
53,32
63,39
11,8
20,13
25,65
17,21
11,3
1,19
69,68
59,60
4,1
42,5
63,43
23,57
42,65
36,5
37,1
4,3
61,58
17,12
60,47
61,35
70,47
47,3
17,69
59,55
45,64
42,67
43,8
45,65
29,65
29,6
18,57
23,7
67,41
31,9
65,50
43,47
60,65
59,29
61,41
14,17
11,20
38,3
9,13
59,43
56,53
7,3
61,31
29,3
34,1
8,1
6,11
65,56
69,69
13,22
33,2
41,63
19,62
30,3
11,13
67,53
69,61
49,48
27,9
27,5
55,4
49,52
3,14
55,43
26,65
17,67
46,3
41,57
53,44
47,52
61,59
1,7
47,47
7,21
15,10
47,68
40,7
2,3
61,67
27,4
40,43
15,25
17,20
55,48
35,63
46,57
65,43
55,39
29,63
63,53
69,38
45,3
9,5
43,1
57,45
39,52
51,43
46,61
61,39
65,39
51,39
28,67
28,13
49,5
65,41
53,47
48,49
11,7
67,43
10,3
43,62
26,7
39,64
65,40
51,6
28,59
56,69
29,69
55,50
11,62
9,25
69,35
59,65
68,27
50,55
67,45
25,14
59,31
28,69
25,17
46,47
49,53
41,38
17,63
56,65
60,53
61,37
67,51
42,61
29,67
35,3
62,39
20,1
17,7
46,63
20,9
9,3
13,68
56,35
44,69
37,4
17,16
69,58
49,65
69,31
19,9
51,61
28,9
41,4
51,45
25,57
31,17
24,67
66,51
57,47
11,15
29,66
64,57
69,59
42,3
23,10
30,63
65,53
41,65
37,58
23,6
3,7
25,67
45,47
45,7
4,13
57,65
68,39
63,65
32,63
43,45
43,65
12,17
4,9
30,61
11,58
53,49
69,50
57,51
23,66
13,60
37,68
1,11
9,10
40,67
65,61
4,15
30,15
19,5
31,8
24,13
19,60
52,41
16,9
59,59
33,64
1,1
59,68
10,19
35,65
33,5
21,68
9,16
13,69
47,61
19,11
70,55
55,69
45,69
23,69
17,2
63,29
47,54
45,45
44,65
11,61
51,51
66,59
55,58
26,59
59,67
25,69
3,19
7,7
34,5
54,67
47,69
58,53
13,66
13,14
13,17
27,61
43,51
49,42
67,46
32,13
19,3
45,4
55,32
31,66
45,67
58,57
67,49
35,68
13,15
29,61
50,51
2,13
27,12
69,29
45,2
50,7
25,23
35,11
67,39
27,69
66,43
65,51
31,6
57,39
13,65
56,37
61,27
47,66
65,47
29,59
56,55
59,45
52,57
65,29
29,68
17,11
50,45
41,61
3,3
35,70
51,55
69,63
2,7
49,46
24,17
24,59
9,7
43,48
15,12
48,47
62,41
35,5
61,64
65,55
8,11
29,9
33,7
69,36
7,25
49,51
8,19
58,63
11,1
52,69
41,46
15,19
66,67
33,11
31,5
1,9
52,55
51,67
27,11
9,1
15,17
39,47
13,8
67,64
22,67
15,18
14,61
21,2
31,7
50,61
23,8
32,1
47,65
57,64
29,1
45,56
27,15
51,50
60,63
6,7
20,11
43,49
48,61
21,11
61,60
46,49
5,12
37,65
41,69
45,1
61,38
32,61
51,47
23,2
39,61
5,1
9,21
67,56
54,41
15,1
50,35
1,8
19,20
62,51
7,5
68,33
53,63
7,15
33,63
5,7
25,11
32,5
68,53
19,8
16,61
70,63
43,6
15,20
44,61
67,38
62,61
0,13
47,49
17,65
60,49
55,33
31,0
63,59
13,19
57,49
0,1
47,67
59,51
29,14
51,66
43,67
5,9
51,62
57,69
46,59
9,19
62,49
39,67
36,7
53,51
52,47
6,9
15,65
30,57
41,7
61,56
17,3
53,55
3,18
13,64
55,61
19,25
58,47
1,4
13,70
21,3
15,9
63,34
43,55
62,31
27,65
42,43
53,29
13,11
68,69
27,1
45,13
14,9
11,5
57,48
63,33
36,65
53,62
3,10
26,17
13,3
66,41
55,67
28,63
63,35
70,33
61,45
19,61
18,5
22,13
54,47
45,57
3,6
21,4
69,51
56,45
15,67
57,63
39,62
0,11
19,19
19,23
35,67
34,63
44,43
11,59
18,69
55,41
63,57
41,47
7,2
7,14
69,45
19,16
34,67
12,23
20,69
69,37
27,63
47,44
55,53
57,40
35,60
66,29
45,5
17,14
5,15
50,1
52,67
51,49
25,9
22,1
58,37
51,41
68,43
17,29
55,57
61,69
11,55
39,58
14,3
57,35
23,5
65,69
13,13
61,43
61,51
59,53
67,63
15,13
17,17
38,69
59,40
31,61
1,15
63,55
10,17
45,66
41,67
65,31
40,61
63,52
23,16
56,43
37,67
15,59
52,1
13,12
65,67
7,13
15,4
50,41
49,57
45,59
35,69
7,19
52,45
25,15
47,55
27,17
3,11
28,61
65,44
34,59
16,69
49,60
49,55
22,65
51,48
25,12
29,19
55,63
67,54
36,63
34,7
7,1
19,21
39,1
50,69
20,7
39,6
19,67
65,38
19,15
55,59
11,19
13,67
15,3
30,9
20,67
6,5
13,59
15,15
63,31
21,69
46,45
21,6
15,68
39,3
24,1
60,67
29,2
49,43
43,63
61,61
3,13
61,47
19,17
30,17
38,1
69,49
69,41
1,16
64,45
37,63
31,12
8,15
55,45
51,54
9,17
41,1
13,9
16,65
65,63
31,65
17,64
24,63
59,58
15,5
39,63
19,14
69,65
63,36
49,66
45,42
52,59
54,53
60,55
48,7
29,7
19,69
8,7
8,5
33,16
31,1
13,1
2,27
25,64
9,8
68,49
50,37
53,41
15,11
51,64
65,33
17,5
64,41
47,5
46,51
11,17
59,42
47,59
53,34
37,62
48,3
28,5
65,45
19,63
2,9
20,23
67,62
63,45
57,37
17,6
63,41
45,63
19,7
44,13
62,67
67,69
23,9
29,5
47,6
23,61
49,3
41,70
2,1
35,15
61,63
15,66
45,51
50,57
51,63
6,27
12,19
23,15
53,68
63,54
4,5
23,20
53,59
34,11
27,3
62,55
12,11
67,36
18,67
57,57
26,67
48,55
59,49
30,11
57,55
11,2
61,65
52,53
65,48
23,21
44,1
67,55
60,51
27,2
25,20
16,17
64,51
13,16
23,1
68,65
43,69
31,21
49,67
69,47
66,33
53,45
62,43
45,55
59,35
7,9
25,6
11,4
17,0
9,0
32,67
39,65
27,13
25,10
39,69
58,69
55,37
6,3
22,15
11,10
28,15
47,53
67,47
23,56
9,11
37,45
66,31
51,7
63,46
29,13
9,12
55,66
59,62
59,37
35,9
5,11
23,3
31,13
57,66
68,59
25,7
65,58
1,13
15,63
59,21
43,54
57,61
31,51
13,21
5,61
5,62
5,50
21,63
19,33
21,46
8,55
49,31
25,59
59,3
12,43
46,35
67,29
55,12
5,35
49,17
47,27
35,43
23,11
59,18
33,38
69,13
41,35
61,1
63,63
40,37
65,64
57,59
2,43
4,33
54,25
7,22
11,27
3,26
26,51
25,53
10,43
53,33
1,55
35,55
55,1
48,11
65,1
45,27
34,39
67,11
11,67
25,33
16,45
2,39
6,55
11,36
27,59
50,11
10,49
42,41
29,11
10,45
43,33
35,40
23,62
3,44
26,49
57,25
69,15
68,19
45,53
31,33
33,21
9,49
13,33
59,36
43,36
39,31
59,24
41,23
35,7
17,33
65,15
7,59
53,57
43,39
9,32
15,49
37,5
62,59
32,11
2,31
59,26
57,14
5,57
31,27
64,1
5,18
5,16
42,29
64,17
53,2
62,19
17,59
58,21
54,15
28,33
69,27
67,37
5,27
28,25
6,35
31,11
18,33
52,13
5,54
17,40
47,31
51,57
40,29
14,47
36,35
35,19
23,50
22,29
55,65
3,61
31,28
29,33
9,37
57,19
7,37
63,16
3,65
50,31
59,14
18,19
64,9
7,63
23,34
45,17
17,44
52,9
39,49
29,54
17,27
41,29
25,30
63,5
33,13
59,22
5,53
13,41
19,57
25,28
61,23
27,36
41,30
43,21
41,45
31,24
55,14
45,28
22,43
41,37
21,26
61,9
39,42
51,18
27,26
1,31
41,15
36,31
39,55
31,47
2,33
53,21
21,39
37,53
67,15
66,63
43,61
55,11
8,45
7,40
32,31
66,7
69,17
68,23
9,31
51,33
37,17
57,60
17,39
13,49
63,11
41,26
5,39
65,23
11,43
37,33
4,27
39,26
3,69
17,46
23,65
47,10
14,43
7,35
13,63
65,26
45,12
35,25
33,45
27,48
47,33
43,16
63,51
21,34
37,51
27,32
45,11
41,13
47,32
1,17
8,67
63,6
25,54
49,14
32,33
54,63
23,32
47,29
10,41
39,57
9,50
48,27
11,54
57,29
9,24
57,6
59,13
33,26
1,21
44,23
14,21
29,23
51,16
69,12
62,25
41,41
47,22
19,49
21,7
2,63
21,19
61,10
67,14
33,70
21,35
58,11
37,47
30,19
61,0
43,41
34,31
21,55
25,27
27,43
45,21
11,65
27,27
68,1
37,18
20,51
23,26
32,9
41,17
21,64
35,21
65,19
4,31
47,24
55,8
41,53
35,10
42,57
17,57
35,35
69,6
64,13
57,3
37,7
3,56
55,19
39,51
57,10
63,18
28,45
41,21
2,49
33,20
67,5
37,57
55,21
49,25
67,26
27,41
53,9
50,27
28,35
25,3
41,28
41,19
69,25
70,3
12,35
37,49
3,53
46,13
32,37
53,38
15,38
35,33
63,8
29,44
67,13
21,59
57,27
9,47
14,57
11,33
35,53
19,31
5,67
37,31
32,47
47,38
53,20
44,21
23,39
37,37
63,4
3,15
15,35
49,26
33,35
29,29
31,39
65,7
45,43
1,22
1,60
67,19
3,63
51,15
39,13
11,56
69,9
40,55
26,35
3,41
5,36
12,27
47,43
7,58
44,19
55,31
33,19
35,47
3,45
29,41
69,3
43,9
0,47
13,37
63,27
5,42
25,31
35,23
29,21
49,33
49,15
7,23
21,41
26,53
63,25
50,33
9,23
55,15
32,53
21,24
3,57
47,0
53,37
63,62
51,4
46,19
15,53
45,19
59,19
19,59
55,6
33,33
15,51
6,65
7,33
47,15
15,52
9,53
23,53
49,13
52,37
29,32
12,45
9,59
59,41
57,16
1,20
10,59
3,43
23,22
31,31
19,37
17,19
39,43
50,21
61,4
16,41
57,33
39,40
39,27
37,15
7,32
35,61
3,39
12,57
56,27
21,30
45,33
41,55
53,35
62,11
61,7
5,23
31,29
55,5
3,24
44,27
21,45
58,29
9,52
49,35
39,35
42,59
13,47
35,59
63,67
59,39
34,19
3,28
1,57
61,16
7,60
39,20
53,61
8,47
11,37
0,43
49,18
45,25
61,21
55,23
6,45
69,1
67,23
40,17
61,34
47,19
5,58
19,46
69,21
65,25
65,21
67,21
21,51
44,25
35,52
20,27
29,53
61,6
27,49
33,25
67,65
3,50
27,22
25,24
41,12
47,14
1,29
18,37
45,15
5,25
23,38
24,53
38,47
51,35
25,35
3,55
33,56
43,43
46,39
25,29
55,16
1,39
41,32
8,65
21,18
9,26
28,41
37,35
51,17
37,16
35,31
27,21
53,31
69,22
51,9
48,39
59,9
13,4
33,17
45,18
47,41
29,24
27,18
23,63
1,49
21,17
43,53
57,9
38,35
53,6
21,23
39,11
33,1
5,20
11,68
39,8
43,57
39,22
36,51
16,37
31,35
43,35
20,39
7,39
13,53
45,36
27,33
41,11
54,17
19,51
7,29
36,23
25,45
14,55
35,24
37,10
42,13
31,55
33,49
11,41
20,33
11,48
35,49
43,13
52,29
3,9
39,21
15,47
49,11
11,32
11,31
70,25
49,37
23,51
58,7
9,69
11,47
51,14
16,55
57,21
58,31
24,43
17,50
9,39
17,37
1,27
29,37
1,18
27,57
35,45
53,10
4,59
55,34
31,43
7,51
25,56
47,9
37,61
9,20
54,35
13,55
52,23
25,55
57,5
4,49
2,37
47,23
53,1
39,50
26,45
51,24
65,11
17,32
48,31
43,26
35,44
9,61
5,22
31,15
23,29
29,25
3,51
51,37
9,57
30,39
38,33
24,49
25,43
37,39
35,48
13,27
5,21
31,42
24,41
44,59
3,66
37,19
13,23
6,67
31,22
32,49
43,11
15,57
13,51
25,39
51,25
69,30
9,28
5,40
36,41
3,64
21,62
53,53
25,26
29,55
10,57
5,63
39,33
6,25
17,34
13,42
33,29
56,23
17,22
15,48
65,9
33,69
63,9
19,13
15,41
45,31
17,58
13,43
55,18
35,29
14,49
33,55
29,38
11,35
21,21
1,40
49,27
67,7
61,55
47,21
33,47
34,35
36,29
69,20
18,29
22,55
29,27
64,61
21,33
5,31
1,63
2,47
9,22
61,11
3,62
9,29
41,22
64,25
11,24
37,60
32,17
9,65
38,31
31,49
14,29
34,51
22,51
51,21
18,25
33,30
44,31
1,41
27,30
49,2
69,7
27,56
65,4
59,1
59,27
35,57
16,35
65,17
53,13
47,57
23,33
42,23
37,21
65,59
5,51
1,25
14,33
4,47
48,35
53,5
1,32
39,41
5,24
17,25
47,25
37,11
57,31
30,53
11,39
21,47
37,44
40,47
69,53
44,41
34,17
37,38
30,51
51,29
43,15
29,39
12,53
17,31
35,17
49,16
37,46
29,43
37,59
55,26
38,39
13,40
16,29
63,3
3,21
59,4
29,51
57,13
39,18
59,15
44,37
65,27
57,23
55,29
67,24
4,69
3,37
23,49
63,26
9,67
1,45
39,5
47,58
18,27
21,28
47,13
53,25
5,17
9,27
5,55
35,13
53,11
48,25
29,22
39,29
52,33
47,16
11,63
27,37
11,25
3,49
49,12
54,11
3,23
69,28
37,29
46,33
23,43
18,31
67,8
7,41
32,45
43,20
20,55
38,7
30,49
34,55
38,11
67,2
5,60
15,27
12,47
54,3
7,57
13,45
39,14
5,38
63,13
9,51
45,23
17,41
23,47
36,37
59,34
21,60
25,46
28,51
7,43
57,15
27,58
39,39
19,65
37,13
56,59
1,66
36,15
7,48
53,15
1,67
3,54
55,2
67,12
65,28
5,43
48,37
5,52
43,19
3,68
18,53
60,29
9,33
15,21
23,48
59,23
58,27
35,37
53,23
45,41
21,49
51,27
29,28
2,23
61,14
65,66
30,47
13,50
57,11
43,25
31,36
19,36
59,17
43,23
7,55
55,27
5,49
23,23
8,27
52,5
49,10
30,33
17,55
33,43
60,27
39,45
3,25
19,41
57,4
35,26
51,42
41,9
9,46
22,47
1,46
29,31
67,9
57,17
6,29
63,2
33,53
37,28
67,3
46,21
31,34
51,13
17,51
26,39
11,66
37,56
19,47
1,61
58,17
26,33
41,59
19,45
10,37
45,39
3,58
68,9
59,7
57,28
51,19
39,9
30,29
53,69
29,56
54,29
67,27
15,29
15,55
31,41
60,15
33,28
5,47
3,52
14,45
3,17
28,19
65,18
25,51
51,31
17,45
56,9
3,33
48,29
23,41
7,65
7,45
42,51
6,69
32,19
38,37
11,28
67,10
69,19
33,9
29,30
16,49
65,20
59,25
63,19
63,23
7,30
38,23
9,36
57,24
45,35
14,53
40,49
27,39
34,61
39,25
53,27
63,15
44,33
65,5
21,25
5,65
36,13
33,27
28,53
20,37
5,44
56,31
31,45
65,13
1,56
17,24
42,33
62,29
47,11
36,19
27,47
4,39
7,50
11,52
11,45
69,5
51,23
40,35
0,57
47,17
27,53
18,41
53,24
16,59
33,31
23,44
19,53
13,29
41,27
9,70
59,11
49,39
1,53
35,27
34,43
63,1
26,21
5,29
7,61
33,41
9,43
21,20
21,31
35,14
61,19
35,46
51,5
65,12
41,31
31,40
47,37
3,29
70,15
32,51
59,2
55,35
23,24
44,45
11,30
8,63
47,7
41,49
61,22
45,30
53,30
43,31
21,57
0,63
9,63
29,49
39,23
35,51
55,25
19,27
67,4
29,45
55,17
27,35
19,44
58,49
37,23
19,35
39,12
35,22
47,45
11,64
61,13
10,27
17,43
17,35
60,33
28,39
5,19
11,29
39,15
59,5
0,25
37,20
21,61
1,47
7,52
23,45
17,54
7,67
58,1
61,12
49,9
37,25
1,33
65,57
61,5
41,24
12,39
5,41
41,18
15,33
55,7
39,59
4,65
9,60
7,49
21,40
33,22
5,45
36,55
22,37
29,42
39,54
46,29
69,23
32,23
38,27
25,25
37,41
65,10
15,45
61,17
41,39
34,25
41,3
11,51
53,22
18,51
43,27
31,69
55,9
45,16
4,21
5,33
33,57
26,43
3,47
39,19
67,61
19,48
31,37
1,69
39,44
46,41
13,35
63,14
43,17
1,43
39,53
21,27
3,36
14,35
26,27
23,37
7,31
15,39
31,57
64,21
37,9
19,43
43,10
9,40
19,29
69,11
15,24
1,70
49,45
25,37
42,45
63,22
21,52
34,45
59,33
66,15
20,49
25,21
37,27
5,59
15,31
17,26
61,3
20,43
1,65
61,15
23,55
0,35
44,57
7,42
53,36
46,25
19,56
21,42
24,35
33,37
1,37
17,47
31,23
48,19
1,35
2,41
9,41
11,23
41,52
13,30
51,11
37,54
33,23
9,38
1,30
19,39
65,3
68,5
23,40
59,63
7,24
65,6
66,23
67,16
1,54
26,41
33,42
7,38
67,17
43,59
66,21
13,31
7,53
2,59
55,22
47,35
9,34
51,59
24,45
43,37
23,36
15,37
53,8
37,42
15,28
35,36
7,56
35,39
17,53
41,51
15,42
27,29
9,55
63,24
14,23
60,21
25,41
13,32
25,49
21,43
43,14
41,33
63,61
28,47
17,49
37,30
3,27
53,17
3,35
57,7
3,67
59,20
27,55
15,23
50,23
56,61
29,35
5,37
61,25
55,13
21,29
45,9
35,41
15,32
21,67
3,31
23,27
37,43
37,12
63,17
27,31
67,1
15,26
5,69
32,39
41,25
7,34
57,43
29,57
9,62
13,26
31,68
1,52
42,35
67,25
23,31
67,18
49,23
49,1
49,21
39,37
44,39
49,19
61,2
57,1
63,7
53,19
11,69
20,53
7,69
31,26
39,7
34,33
24,31
19,55
36,33
63,21
11,53
7,47
2,35
52,17
42,17
43,29
31,25
56,19
10,65
23,25
21,53
61,8
13,39
23,35
9,35
66,1
27,23
57,12
42,39
41,10
69,10
11,49
1,68
27,25
7,27
60,9
51,20
27,45
14,37
37,50
3,59
65,65
21,37
69,16
34,57
51,1
22,17
25,47
21,32
33,15
34,53
18,47
48,57
13,5
6,47
30,45
27,51
55,20
29,47
60,31
6,63
25,38
1,59
39,17
8,41
55,3
5,30
9,30
9,54
13,38
15,43
41,20
45,29
48,43
38,51
9,45
40,15
33,48
33,51
50,29
42,53
52,27
31,19
1,23
9,68
33,39
38,25
1,51
24,55
33,44
58,10
67,42
27,6
44,11
29,18
17,70
52,62
65,0
4,38
10,70
24,14
42,34
7,8
50,20
7,12
22,70
42,42
8,24
35,34
36,12
4,64
37,40
36,64
23,60
12,22
0,59
46,66
54,36
0,26
54,40
52,12
22,30
26,3
44,60
30,23
65,62
35,0
15,6
64,0
33,60
40,36
5,46
5,8
2,70
14,42
11,38
28,49
42,37
42,44
12,59
47,28
32,40
18,39
49,0
52,36
22,19
0,28
18,63
18,66
18,55
20,28
50,60
64,63
22,4
36,44
60,11
14,20
18,35
6,40
13,48
65,60
60,35
48,1
66,48
60,16
41,62
29,10
50,12
38,12
2,12
70,62
33,24
46,14
18,32
64,58
14,19
26,25
48,65
20,21
70,65
46,54
48,14
26,36
12,63
53,28
28,23
34,16
61,24
65,54
19,24
42,14
54,38
32,68
30,46
24,20
44,52
44,34
62,32
28,29
38,19
19,66
0,46
45,26
33,50
32,14
61,42
6,34
52,6
11,50
0,36
26,18
34,15
64,19
48,48
25,44
26,58
67,52
40,39
42,31
58,4
16,22
39,32
70,67
34,34
34,29
6,6
16,32
6,66
7,20
47,62
33,54
12,21
16,47
57,2
62,18
17,52
8,6
50,63
12,44
44,38
55,60
34,70
64,18
28,60
52,40
63,28
3,48
62,8
54,13
10,33
33,18
58,61
46,16
59,28
9,6
36,6
48,30
19,32
4,46
42,30
16,21
14,67
1,24
30,18
8,44
40,27
34,6
44,26
42,68
30,58
19,54
12,51
30,54
51,60
0,7
60,23
11,60
0,65
24,61
49,70
68,54
60,24
16,6
40,51
4,30
39,16
0,9
62,4
22,62
62,7
60,7
16,68
4,36
30,25
6,13
15,40
64,28
40,24
6,68
8,56
25,50
0,55
14,38
38,18
35,38
34,37
46,23
14,44
70,53
60,25
70,6
4,68
26,13
22,68
58,3
58,42
20,16
20,65
30,37
24,42
16,39
44,48
38,44
34,49
46,32
66,58
4,20
69,34
45,52
24,10
52,15
2,38
28,10
30,67
70,4
51,30
44,58
16,25
40,45
48,66
58,40
38,10
11,44
26,62
7,46
20,46
28,7
10,56
14,28
7,10
24,36
45,32
23,28
20,25
54,12
2,15
12,48
32,56
36,40
62,14
42,27
22,57
33,0
52,39
28,17
18,58
40,30
61,20
40,53
8,21
68,4
54,14
24,26
40,19
14,4
41,66
0,29
42,11
10,39
4,54
21,56
66,50
52,60
48,46
6,48
50,62
30,62
46,27
21,16
20,40
24,64
16,56
0,42
13,34
8,48
27,42
31,14
0,45
32,15
26,4
14,65
58,35
4,51
15,34
30,41
21,50
13,46
38,24
68,0
70,17
46,20
20,12
8,66
18,14
51,10
24,62
69,48
23,12
36,27
2,11
0,38
61,40
61,46
50,15
37,52
28,58
60,18
40,32
52,63
36,8
6,8
36,49
55,40
20,60
43,46
28,16
10,62
19,50
56,57
9,66
10,26
62,47
34,69
54,42
34,46
13,62
34,12
26,15
63,10
39,70
38,4
4,6
16,20
10,63
40,60
13,28
2,36
18,46
52,11
42,48
60,39
56,66
40,28
10,42
48,36
10,10
20,61
10,30
52,31
51,44
10,61
2,32
62,10
51,58
22,40
38,15
20,32
0,56
19,40
35,20
39,10
52,28
36,52
7,64
8,35
34,41
46,65
8,50
23,68
50,10
10,4
40,52
36,16
30,65
12,20
0,12
8,10
22,10
36,11
29,58
42,62
11,42
20,14
46,24
62,60
22,50
27,24
6,19
50,8
33,52
62,34
51,68
42,28
29,20
36,57
64,60
46,44
46,11
8,70
46,58
25,52
36,39
38,46
10,18
37,6
20,70
30,43
60,10
38,58
29,36
43,38
20,64
29,48
65,42
58,13
10,44
63,20
64,43
48,26
8,9
56,42
49,36
50,68
43,52
30,13
13,58
20,63
70,38
24,6
26,40
69,4
52,34
43,30
54,0
2,52
46,60
34,58
58,38
5,28
22,44
64,44
22,39
53,12
14,39
27,62
48,20
16,70
12,55
60,20
16,67
19,10
46,53
46,2
40,63
43,40
8,69
16,46
34,52
46,69
32,57
40,12
50,65
20,41
26,55
0,20
57,36
58,14
45,40
58,46
4,43
62,22
31,64
58,64
11,70
51,38
6,43
16,4
16,34
24,22
63,40
68,11
40,64
12,40
42,18
19,58
12,69
70,69
48,64
40,38
14,36
32,22
30,64
33,32
18,17
66,0
14,5
62,9
0,62
30,16
15,56
16,66
7,68
12,62
26,56
60,34
14,66
2,48
54,30
22,49
33,6
40,22
56,29
12,41
42,58
42,6
8,57
59,70
69,62
20,47
70,28
22,46
34,47
10,60
26,44
26,38
42,36
54,37
54,54
4,25
4,4
21,36
56,5
5,32
13,0
10,34
14,15
56,20
48,6
0,3
70,48
60,52
3,22
16,57
34,4
6,58
35,42
4,19
38,65
7,54
22,25
8,53
15,36
42,55
50,46
59,10
62,68
40,69
66,61
32,58
4,55
44,66
25,36
12,50
28,28
62,16
28,44
41,2
10,36
5,26
36,24
56,62
42,2
31,48
14,52
44,32
55,42
47,18
40,20
70,51
1,14
50,43
60,2
30,12
35,16
29,0
43,24
18,26
32,34
42,56
32,32
54,70
26,57
66,62
36,59
13,2
11,26
44,68
66,28
61,68
18,12
34,9
44,53
25,42
46,34
18,68
6,21
62,13
44,16
6,52
63,60
34,21
12,68
38,30
46,30
17,62
13,10
69,70
30,40
42,52
5,64
64,4
24,32
70,20
53,14
58,15
43,34
21,38
20,38
40,46
24,40
52,26
16,63
20,42
55,52
57,44
38,56
70,10
26,54
52,4
36,30
52,3
6,10
70,19
54,27
48,59
27,64
24,50
25,16
34,36
22,32
44,3
36,21
19,26
1,12
26,0
16,16
6,49
10,12
56,12
66,8
41,34
30,42
56,4
70,39
50,26
49,20
45,68
70,46
24,28
30,26
20,5
20,50
54,4
40,56
14,8
59,66
4,56
47,40
0,32
55,70
70,43
65,24
46,1
3,32
24,21
0,69
23,42
62,62
50,38
49,56
16,64
28,8
18,49
66,40
70,41
65,16
53,18
0,48
26,16
0,34
30,36
27,0
64,33
27,8
30,60
12,31
29,12
16,50
16,11
68,46
25,66
42,70
10,50
56,48
61,30
68,12
40,50
10,31
35,56
6,60
4,2
16,5
40,25
14,0
14,2
60,66
22,63
22,38
34,18
30,28
58,70
59,6
40,68
15,30
4,34
65,46
21,8
25,22
45,0
8,8
22,9
4,40
2,69
70,49
36,28
56,14
70,68
54,34
6,64
65,22
33,36
50,50
43,28
19,52
46,22
14,50
27,52
0,37
62,66
50,6
57,62
44,67
70,42
27,66
10,29
64,8
2,19
68,7
4,62
49,38
67,6
9,48
10,55
4,50
59,12
7,62
12,25
64,14
68,8
48,56
60,68
1,6
27,14
50,66
30,30
26,34
64,53
56,8
66,26
31,18
62,21
68,24
30,56
46,64
38,40
65,52
25,32
9,14
0,17
57,68
57,18
36,45
30,1
20,19
52,24
39,0
8,62
56,16
34,13
33,46
47,50
36,42
28,3
9,2
22,56
32,12
14,46
33,62
53,42
59,30
68,70
26,31
67,70
37,32
18,36
10,67
41,42
6,39
20,17
30,44
0,27
62,20
14,64
38,66
48,51
38,54
66,60
34,14
63,12
29,34
52,64
58,68
36,62
7,4
6,32
61,28
4,37
23,14
8,22
64,15
27,46
54,23
14,58
16,8
56,50
64,23
56,56
63,44
42,46
36,46
60,14
33,8
45,14
8,4
16,18
52,42
60,58
60,42
62,15
24,12
68,56
66,5
11,34
16,28
0,4
42,69
36,38
31,52
62,64
18,23
28,34
17,68
31,2
44,44
36,69
4,12
36,4
18,13
8,16
38,55
12,70
61,48
60,64
60,40
64,10
68,15
24,38
18,62
8,13
38,5
46,28
41,14
12,49
49,8
51,28
12,29
66,46
62,28
25,48
51,34
52,44
13,44
38,14
64,47
48,40
35,2
26,26
15,60
4,7
18,1
52,51
6,38
68,52
18,52
46,46
24,37
68,38
56,3
15,22
58,30
64,27
38,2
51,12
38,13
8,40
28,64
38,0
68,28
37,36
14,54
54,43
18,4
46,17
26,29
4,70
10,52
22,66
59,64
45,62
14,51
62,5
67,32
14,13
30,6
24,66
40,48
50,53
52,70
56,60
55,28
39,30
46,0
42,38
54,51
9,44
25,60
38,48
8,54
