8688289
14559163
12657441
9827055
13985033
2131659
4030998
15704108
11061881
2029702
14510826
8245973
7539049
1912471
2372156
4831361
14130357
11552752
14491889
3265733
1042070
6610092
15058480
6860985
9225432
9723403
1036636
2393547
11393273
12426957
1768528
12968042
13281638
15821643
14181799
2668606
8036916
6282075
3073554
8319516
2515913
6413237
12054007
4172139
4303740
5065483
10325468
13062183
6020525
6553948
14804833
1236088
3748093
5232673
5869968
1596817
9144049
14356752
9035163
5164374
13496126
237807
7896091
1539690
11267781
15818165
6494728
4107280
7875271
4515004
1717157
15030462
246296
2383907
5690789
15502905
9116150
6282172
3558843
1526934
10246379
3042048
792278
2159056
16013403
7300170
2131478
15394608
6558634
3271562
4196226
2624101
4070003
13502737
5107795
3082974
4477217
10668454
13116298
6233787
10508320
14888263
1099843
14002856
16039217
9952052
6497032
12597966
3871681
3679670
14090265
5459521
8069085
9334803
6944604
8431470
2638648
9744041
11786040
1120325
16755654
1490350
16487808
1504850
3715018
14911618
13164491
2014821
14422717
10314391
564127
7601884
5792035
9113102
9757940
9160833
10837625
4480010
2958186
7136613
1103725
6181207
16588493
2261306
14922530
11704528
8734248
7287904
9926601
10597644
5442787
10045455
12564657
16438882
13761275
13708301
13180426
2626108
9120648
6580872
1535961
14853824
11799390
15055654
15123982
4801418
6587286
5459848
14528136
4808427
3267916
15011893
8826510
7891074
2281466
3118404
5924772
2113382
15779347
9724144
3094221
1269055
1875889
7063540
9845016
16214441
4684877
3236451
2689005
6405136
8287871
10587335
15434448
4204288
4788994
13629999
12638810
1460290
1145361
7373352
12746951
2008753
1223520
14347958
13129498
16374464
2471123
11774938
9996725
6793951
7454230
11716979
6501484
6476468
5333800
12912386
7383942
2333967
2851006
15514700
6405241
8627666
15735630
9557917
1926707
16004299
3768161
12724281
3566738
1602943
16509848
15623802
8535308
3423286
7210373
6840563
3492545
9996154
3393106
8600639
14695977
7475217
2254280
2586382
5697295
13707826
2735608
15756165
5928707
2177558
10195588
14692154
14093663
14935684
6467579
13054358
7509217
3798549
5557615
10410755
1739830
8776177
3016675
13834971
829236
562111
2783170
7636180
15852619
15748631
10436600
1568136
6365557
13269130
2899926
12177032
2466880
281471
12431409
10019467
14799273
6096544
11406520
3211100
1213271
16482178
9181102
11545171
7309354
16506684
15473588
723854
14445969
10827358
7477358
3367025
4629699
2349157
10274630
5365096
1991413
16262194
3709060
2647720
4105417
8556406
8610434
5428498
14803841
16392460
9742215
4334966
4465994
7324509
4290394
15815158
5894265
1922480
2302575
6022556
13997031
8360697
4753866
15607280
9661333
6672462
6937520
11426745
4653178
8871305
2770270
528437
16305100
10596803
9668788
4527228
12658988
1594515
2993694
15518489
13483823
16190882
3940742
6927746
13169154
3199030
7835976
12965282
11427997
10825892
13482720
8813672
9896083
3418183
14222810
10088219
7153596
1657527
14560860
14191381
601082
538167
12341366
14039168
12495111
4092746
14163965
15918552
2414746
15709462
9105802
7871752
3316566
11184141
8657875
13405528
16395994
15955639
6359097
14909603
8808370
3784657
14721528
7263210
10249072
7067219
13010968
15155371
2148319
13128870
16515737
16315221
2555739
914073
12059413
7655580
7579495
2187769
8185673
13958546
8076573
14748316
3603626
16034334
7707283
4963531
13914728
5277843
338016
8247936
4513471
1991984
14601761
6989240
4307140
15133342
16266393
5768803
3390524
694963
12866070
11304434
14525759
12157509
1472200
5145439
12914899
7614773
5640593
16523751
8196531
5134991
4756969
4161555
14590187
8413493
14788848
562611
1395661
819539
14605637
1347501
1736764
5675964
2530081
6916365
907293
3644244
16098085
13421513
13834498
6130567
10561167
3523039
15946007
3516216
6319647
15352618
1102172
6989467
5908841
8435253
9419588
3306959
2615934
16407720
11968440
10236815
9970873
5539749
11285335
140225
12769529
4839234
10978019
15745863
6782235
2960361
8074855
3462717
8759103
6209992
5268901
14413192
6723441
3856338
12980241
15606165
6380168
8201726
6977897
4660240
3628910
11189052
13579692
16373365
2153404
5649586
14780151
6315423
3351904
9815602
2654561
15890340
5082182
15827354
13506483
11638696
5869566
9930995
7428943
3100662
9392707
3952516
15117655
10484466
6135471
12929529
9300611
3081570
197142
9440936
14385596
6118673
8677403
6497980
6251264
16620505
1585922
9633949
7699337
15795677
10379351
11173199
15102348
14819300
15672300
12744401
7940207
9706966
11501985
2094731
5480834
1615507
10902749
6640110
14786756
16136104
569838
16273909
2516070
3995087
16265567
739883
1653787
11070629
7024442
13078019
8658550
2948498
14692172
4463065
7926210
14299528
10726377
13512953
7423735
11554846
2350398
2024749
12002208
1566267
4592669
6836219
9258605
7535792
10154785
10890159
4941191
9711868
11449432
9534348
14043279
693701
618265
16724272
6067793
12808873
6531400
12710430
12497698
13484416
7573583
9903554
7820260
11407226
10231832
6185703
14179966
6649898
13686975
9442705
8681102
8250616
9698857
6694045
5638136
8981108
7192231
14760722
7328683
5313408
6686334
8916303
8241646
12004977
12430776
7729004
3738400
1031961
8946381
5116416
5857453
13674456
12345232
4109967
1349281
8820975
14472571
15957553
12586738
10266025
9071288
7792100
11580732
8806455
16591222
7662858
2641985
6530215
2436780
2602485
11411749
202446
16299058
5257035
8766153
8883148
3537671
9269520
12697930
9724766
16297401
213683
15330841
1101109
9926533
5655102
2800529
13994069
5521940
6883584
7427932
10001300
15919582
5630331
8089698
1340534
6967049
15746629
7860057
637367
196134
1502128
654161
15122265
5685347
3213233
4307446
11407151
5844422
10647095
11393153
2023835
13421760
6016385
6179446
2425502
6408368
14913405
16138673
1025554
13448245
2628666
9394993
7708612
16448485
5779342
5093743
5091022
11399580
13316841
2253568
8504520
10156008
1240323
200298
2815538
14257911
4072835
1611290
9238486
2527558
13749323
13821034
16544247
1539255
3855390
15088546
4070291
11689147
6228123
13272029
10251096
7891796
6758698
15051923
458365
5136415
8368024
2446462
11844934
5092854
10183252
896096
2209468
5241017
12425733
4455182
15922907
1797290
7098691
1054437
13492595
7376644
7384438
9999769
876009
7961582
2472668
7805699
8073757
11933585
12477550
12780879
11991787
904937
12309809
13395085
13845504
8796188
154573
2398296
11547931
334150
11238864
9221066
9459011
10628979
4789769
9288112
10031885
10106092
4434841
2976841
15300791
11032134
15287824
13144201
6418824
13676428
12851403
2662469
5038295
10761854
10732868
1092632
8876014
3162958
9081708
10684748
12856337
10997310
5036417
13368426
552717
11044227
8879043
16267890
2428901
15964954
303506
7367711
5983370
15734197
11190791
3154877
9201117
2195892
9723909
5468826
3801807
6883053
2043378
2210322
5665529
14323019
191949
4057501
2196146
8330389
13624425
15286877
14894983
5560925
4317077
6444231
14121386
14271430
8517852
16603692
15813391
2082559
13163063
4889847
3851491
14774634
5857676
2384756
6450490
5552891
15283269
7341327
9703155
4340990
778095
7632083
6031973
1868118
14373895
971029
13730685
13905769
13718473
7494378
13785045
4342878
1391331
16038944
8397212
183462
12293944
2659107
3023132
7324888
11427991
1436964
6488905
15130290
5779289
5206941
13288898
11557984
11690543
11771400
716198
15562647
6961581
7729003
11451318
6668977
9312808
5643265
4893533
3637224
2132978
2527730
6054040
7627985
6125738
10169282
16322547
2356882
2581398
2385820
4823399
8742106
8512574
7876447
11145301
11159126
3016565
16094617
15771037
6164580
10161405
8957819
5446249
8111318
9664649
744941
10723398
15975230
2289040
6560939
1164011
16354941
8107962
15284363
11300641
12043148
13842170
4768143
3210866
164401
213118
4097455
6182224
9350106
9868694
10744227
10774488
15605534
1974639
8137022
12780716
8941401
12001073
9339960
299988
15496833
8754561
7412322
8969793
14609355
3328942
7511714
13967134
9913024
1714706
1744408
11737093
14373958
3873569
14201856
12911068
1213627
5986160
9862912
5681997
6850405
6290898
7959727
13353122
7325608
654086
5709839
5674263
11377412
7582720
6892254
151782
13130587
5200864
312188
10856106
14061357
14134512
10532149
1373207
11301967
12340148
1755786
2337444
2961720
15953430
12776473
13625916
12529751
233485
9375359
6186996
1949662
5520597
7672193
4303443
2883145
7080151
6471287
2814426
6805559
7382716
7507672
2640973
3462788
3670762
7563607
12462444
8821595
2889135
16087022
9108968
11932075
3526348
8783512
10099384
11588531
13131492
15433069
1030456
8682101
8785222
15789092
1674504
4663450
10595623
15207632
10158373
10647269
16002314
699145
14025553
3745385
13518917
14270299
10823093
2348243
2444808
16304181
10125156
1443981
13077784
15510800
819043
15918357
11872422
7746045
7512033
11127487
5630743
2970643
798292
5054507
10596485
5385896
1844867
13635067
3206616
16439433
5453750
8883919
4125690
13061047
10000834
14341466
6699631
11232356
9328914
1548341
12268272
561462
1280621
4785751
15137308
680467
1808103
16643942
8999258
6154165
11537200
13496246
11169066
16396456
12151111
11536530
11641564
2440003
2956708
10084749
6967923
15844174
4093655
6102690
2135782
8679701
4799980
9574567
6844789
3957164
2231278
15569157
12584410
15253785
2280302
13100740
8644186
15888927
15264043
9801971
10930551
290870
10212019
13375713
9883887
12573255
631362
8127775
10413104
1327977
13087227
8004639
5880039
4396523
10589016
8874526
2147482
4738956
3422096
16030059
15948638
8628142
4419763
4758890
3287971
15074549
8269410
247665
501514
10549894
2269704
1300575
10413488
1278382
8180481
9062931
2059774
5516932
15005754
716803
13164641
544899
6971508
2461157
9291120
15441626
5954001
5320195
8531994
13092510
5884414
12977624
1322348
14693019
11452408
15910581
10506749
5844214
3329128
3274924
617451
441669
510793
1707902
6840455
12832321
16369352
10904391
10520609
2283375
3822906
15542404
7342719
7134638
1851489
7435407
5342345
10529720
9875568
5884913
7398738
5305884
9545378
4300503
10770315
12597084
6145996
16016569
4795803
3976471
12559308
16720526
10105902
13136253
7141747
15560240
8925692
2318399
10777685
12340537
2717117
8105864
5793962
7368026
1408493
3211124
12965517
8417125
10973909
3043526
11079366
16553022
12870590
8331624
1349009
7259040
11869623
11697800
10227972
10112809
6405726
12135394
4670998
5580824
10332513
9044460
347797
564027
1813810
6603879
1872164
15115267
7171138
9229246
6535071
5969164
6202770
16062861
13524544
4536679
10414857
11787876
7261073
2764245
15367959
6217900
14898192
16350039
12998508
6745446
6265479
2090230
3086716
2760488
2980882
11978829
11067485
2799985
8049424
4768551
3466277
14811677
6511467
450491
16446100
8348524
2671394
9872456
16115970
533140
7374927
15389029
6879709
2679947
13090952
2169876
6686210
5742614
10987814
523432
8344850
1129701
4532885
6549926
5028276
1013441
13623266
14286162
16252978
10444160
15672421
7294236
2249036
2515371
13953443
4324109
1243512
4451925
15287425
1884741
15032237
8091082
6271015
10934300
12687347
9970762
11322411
11690661
6958775
7957786
6074404
8663911
4909928
11984538
13448731
3502261
12211571
9131332
12348675
13113733
15585040
13842082
4291073
3616190
444236
9175162
4206615
5543894
10656258
8622238
11108248
11504412
15370761
1716939
3311322
5844052
2771397
12521283
5142920
6768474
1952178
10490276
7559475
8799268
6661358
15536057
5135864
10694383
2374403
13555395
14878301
2925212
10233142
591599
10944523
10803205
5547681
799566
10402930
1155524
686588
4242636
6073118
16138274
5378240
7416657
799787
10339577
6366611
6255909
13628941
1257996
15415899
15629663
13901792
2035150
14096727
7477781
950861
15550923
14496438
16573837
6091344
4057794
14435807
4517519
3049514
1035296
10967371
8894083
468805
11169517
15259223
9745342
10055409
5723719
12749272
11427564
978327
12306746
12271435
14778155
1981777
6466163
8533427
2587882
4650916
3385675
14248684
3588892
2321352
8096969
3204883
924898
2706620
13658032
8003114
5258798
8032344
4768841
7738489
4697162
2571159
4284016
12268438
2534061
4159585
2679409
9913316
10945725
1246055
15656609
12286585
13179286
4559586
14185476
14305027
5422868
11955833
14346008
2746882
5564621
8260336
6663371
5100291
2144693
8089361
378826
14510599
11548542
7118761
9011111
2285621
16410849
16569458
2618635
8827959
12033825
8856702
12215255
2234156
10298166
2188212
10085685
8045102
6408998
16228879
12044239
15800963
5318683
15533403
12176096
12967518
6966459
11357551
1466742
9418234
13998436
675417
1099070
13877031
3586994
1112345
8596264
15262996
15011029
2781293
7567295
4724001
7330038
1589346
11201632
7814364
4175314
3445626
13728144
6203123
4192926
9927604
6204504
9408010
11760359
2342619
14157083
10778277
14322951
13863267
7494792
7441957
1656438
14274372
11712282
13925859
9168887
6792282
2386013
3211225
9760056
6322998
4785251
8671251
3873359
8445822
567035
3812398
6185172
12393890
13915389
10314414
696889
5532169
9792370
11700153
8003654
16180140
8743594
12770759
8473433
5602980
1974073
12589205
14291802
2297908
13230190
6268971
5611509
8899739
9302614
10984236
12175842
9194787
6694983
9233418
14712216
12011495
13024255
14056853
14529280
7370764
14119831
1065620
553255
15243882
5383711
1610405
2208807
5766441
11627122
3503724
4293086
11922965
4435348
9557869
5915418
10266955
8355173
14589553
5375558
9205080
12640380
13946685
9949608
1171643
7664846
15254450
4391298
16643232
1217410
13358061
6354268
13590171
12298335
13072143
16341771
6987045
6391403
5980551
9453782
12322277
5341433
9649246
722503
3589867
8069076
7314956
5324833
15721076
10260065
10601108
778997
14517541
7440242
7587701
9073822
11484736
9998855
7662031
3654393
13151717
14120379
6409123
2394340
435270
2189151
281006
12555641
10664776
9277253
3888994
6242363
5820472
3779073
6441974
12532416
9890303
3740096
4498232
10936561
9822065
8544536
5636304
9172985
5252731
9435116
3304993
2688076
9739584
12537678
10720170
10413353
1030012
4163930
6615012
10474063
7961117
5885377
14334226
4129642
9380455
11373149
7648822
15645458
10789576
249892
14323593
9039086
10453781
5107720
8722767
1686242
12698084
3921838
9911972
10503090
9404031
596878
5266973
8135153
670749
3486180
8069502
1582961
9966844
5844963
6403527
6009797
11545690
12838891
5077719
1576642
6809199
2757632
12522408
15121960
13962006
7158387
11244243
1139437
13629483
16589727
1592428
5735131
14205282
3435988
962498
1978724
7256535
2715589
9968255
14088891
4779419
15729036
11508963
14166374
12444699
11649038
13925752
7771292
15750506
16725407
615295
10809285
12704109
7095542
6583212
8265114
11658763
12515339
1866849
2004553
13463235
2431767
7554713
2259985
14891381
1178595
9441531
11712434
8089452
4349608
3509320
12538369
16407660
3265322
7857465
4283595
2084090
3055138
14653800
7534357
2852605
8678419
9385059
12739221
4798814
13302361
15755576
2459148
5480067
11422138
2305283
2923772
16705327
15020544
8583671
14218433
9022898
2766837
14338345
13067549
7559487
15807952
14861834
7428486
14156985
13177177
8618518
8496527
13011058
11776589
16014197
11639833
10709260
1799694
2150299
14207662
8598519
6110071
9247974
646123
4563418
4327828
15303984
5914727
15003103
8025665
12644589
905453
1229756
2028806
5500957
14375549
549678
10795826
396695
8279981
15328178
12256013
11017138
16492488
5340252
3161349
272409
3028211
15355628
12038662
15520236
12108901
3752052
3980711
6625707
15526051
9439864
3674257
4182137
4899411
10478253
8538997
1279058
8069913
15151962
1449997
5389193
16069501
7868356
12738562
797614
465852
16243993
9162796
11901263
12895150
7957987
6228321
10391443
15180557
9519698
3763770
2462384
12199005
14896993
12813870
11984763
14636511
2457689
7313964
7034609
7000041
3135013
7334982
14325657
1299202
2534519
1473302
8442350
10018076
8598275
1184138
12714405
344081
9885387
14353450
16246188
13418393
10897867
15924600
10972438
10012074
2393191
8102606
4098505
11035915
12439657
3648018
16595959
4388547
3035040
13608442
16651418
2400943
15006935
8374733
13884159
6902370
10662712
267877
12845958
12737059
2818867
12822532
16278803
3816037
5933649
12553893
15292779
3809278
15139520
8849592
15338482
841125
15566030
6220262
1907590
15958572
14454306
5909499
11757852
11689769
12956958
3299146
693969
7622533
9549981
12830950
1938356
2645926
553477
12289928
3205428
7632289
13270952
12645245
344451
3095043
11603048
6046211
9227134
6303078
15107487
14184519
4346563
12603181
216757
2012616
7981717
11551299
15163350
8255502
3535337
4770014
9855199
12997309
3866555
7422879
14235627
12541335
453129
16111274
6717841
14081662
8972649
4350829
994711
9660075
10420248
13423623
14879374
3919883
16140183
15575152
5424070
15104348
11465884
4155774
158683
9553134
2150377
14085656
14659921
8256971
4414738
11224793
13840055
8985065
7483311
3403652
5221147
1213536
2145693
6197114
14264045
8739017
13902615
7163549
2894551
9330636
11220286
1539479
11779727
15549571
9005710
12266440
3593052
5271965
16230448
10689695
3095970
13554731
7280812
5862957
8380591
2844643
10198439
8799872
2561229
2450667
4199587
11182086
11866037
11704738
16777094
2181897
11110287
971409
7847577
579073
169656
10817406
4953173
7197729
2725905
6684108
5399763
12467240
13706656
8983928
3958020
15185181
4443160
11046595
11446822
7472706
11235875
11072028
3754433
13393626
15943719
14973454
13246362
14452034
16617922
4591347
4887168
9285101
7230301
7599548
6104225
10450597
8671431
7404962
14166364
16626585
16292893
9577341
2007764
11667021
6083379
6706308
304789
6682059
9046785
9419910
11627436
13305547
8198600
4349222
10590001
6385107
9475894
2458461
11198476
780186
8160015
15859325
6926613
5327136
12608703
11937550
11344673
15852615
16649630
15084593
4053150
12393136
2194096
12622591
11934576
14600956
4390503
7369686
5748104
640886
12424424
5811695
4150923
15043695
6134634
2162811
14818855
9241459
13695588
12182085
2999637
4229808
13035650
6069340
10017230
3518647
15521446
3551550
9685051
3035093
11256237
4446237
2237534
8248596
1333826
4028970
13386843
9500918
5589893
9408101
4781779
13072041
3136551
6088255
13437940
4928899
12091473
8682043
10183138
14097179
8936094
15302961
8521247
13319781
14196064
1934838
10109276
6594720
2756760
11841052
9214763
3316713
2253322
10541097
8206464
10691498
1988951
11401184
1158288
11597048
7368481
8680288
