1,1,288~4,1,288
4,3,302~4,5,302
3,2,71~5,2,71
5,0,290~5,2,290
2,6,182~5,6,182
2,8,66~5,8,66
6,6,113~6,6,115
0,2,23~0,6,23
3,7,118~5,7,118
7,5,203~8,5,203
9,4,69~9,5,69
4,3,300~7,3,300
2,0,85~2,1,85
6,2,167~6,4,167
1,2,2~1,4,2
0,0,7~0,0,10
5,0,63~6,0,63
4,2,187~4,4,187
6,1,61~8,1,61
2,0,277~3,0,277
6,0,169~6,2,169
6,1,249~6,3,249
1,1,294~1,3,294
3,4,177~5,4,177
0,0,55~0,3,55
6,3,15~8,3,15
6,4,234~8,4,234
2,4,47~2,4,49
6,5,296~8,5,296
4,4,22~6,4,22
9,1,304~9,2,304
4,5,54~6,5,54
1,6,164~1,8,164
5,6,117~5,7,117
6,6,216~8,6,216
4,2,270~4,4,270
1,2,154~3,2,154
7,4,173~7,5,173
8,7,135~9,7,135
4,2,109~4,4,109
0,8,295~1,8,295
9,4,289~9,6,289
8,6,134~8,9,134
4,8,288~6,8,288
8,0,282~8,2,282
9,8,251~9,9,251
8,1,249~8,3,249
2,3,190~4,3,190
1,9,38~3,9,38
9,6,73~9,9,73
8,6,176~8,8,176
6,1,283~6,2,283
4,0,275~7,0,275
3,1,72~6,1,72
4,2,12~4,4,12
6,7,218~8,7,218
0,4,214~0,7,214
2,3,212~2,5,212
0,5,211~1,5,211
0,6,66~0,9,66
0,0,212~0,2,212
0,7,36~0,8,36
3,1,293~5,1,293
7,6,167~9,6,167
5,4,6~5,6,6
6,3,95~8,3,95
3,4,3~4,4,3
5,7,205~5,8,205
4,0,84~4,1,84
5,4,245~7,4,245
6,6,237~6,9,237
4,9,14~6,9,14
2,4,291~5,4,291
0,1,166~2,1,166
1,0,13~3,0,13
4,1,231~4,5,231
5,9,211~8,9,211
4,6,23~7,6,23
2,3,273~4,3,273
6,5,46~7,5,46
4,7,61~4,9,61
6,6,37~6,9,37
1,3,60~4,3,60
7,7,32~9,7,32
3,5,221~3,7,221
1,4,285~1,5,285
2,4,267~4,4,267
2,5,23~2,7,23
6,0,61~7,0,61
4,1,121~4,4,121
5,8,43~5,8,43
5,5,35~8,5,35
6,5,237~6,5,240
0,1,159~2,1,159
6,7,70~9,7,70
6,6,52~6,9,52
0,2,79~0,2,81
6,6,187~6,7,187
1,0,235~2,0,235
0,8,243~0,8,245
5,2,291~6,2,291
6,5,104~6,6,104
3,4,50~3,7,50
1,3,276~1,3,279
7,2,251~7,2,253
7,2,60~9,2,60
2,0,193~2,3,193
9,3,34~9,4,34
0,2,150~2,2,150
3,0,113~6,0,113
9,3,58~9,5,58
7,0,62~9,0,62
2,0,288~4,0,288
5,6,126~5,7,126
3,6,158~5,6,158
3,1,218~3,3,218
0,6,56~0,7,56
2,7,94~3,7,94
0,8,94~3,8,94
1,0,292~2,0,292
4,2,287~6,2,287
2,8,106~4,8,106
1,5,137~1,7,137
8,4,201~8,6,201
6,3,114~7,3,114
3,3,271~5,3,271
4,3,43~7,3,43
1,7,214~1,9,214
1,8,98~1,9,98
0,8,73~3,8,73
0,9,288~3,9,288
7,2,103~8,2,103
6,1,225~6,3,225
3,8,209~3,9,209
1,9,210~1,9,213
3,0,80~6,0,80
4,3,100~6,3,100
5,4,82~5,6,82
4,5,201~7,5,201
6,9,190~9,9,190
4,6,121~4,8,121
2,8,21~2,9,21
6,1,19~7,1,19
1,5,40~1,7,40
4,4,53~4,7,53
6,7,75~9,7,75
8,0,134~8,2,134
6,6,145~6,9,145
2,5,287~6,5,287
0,4,216~0,7,216
2,6,285~2,9,285
5,0,2~5,1,2
0,2,72~2,2,72
1,4,251~1,4,252
3,5,280~6,5,280
6,1,2~7,1,2
0,0,234~3,0,234
0,3,170~0,6,170
7,8,114~7,8,114
0,1,53~0,3,53
9,0,16~9,0,19
2,5,305~4,5,305
0,0,21~2,0,21
6,5,66~6,8,66
5,8,208~5,9,208
5,4,69~5,6,69
3,1,44~4,1,44
4,9,31~5,9,31
3,5,213~3,5,216
7,3,22~7,3,25
4,8,234~7,8,234
2,1,13~2,4,13
7,0,241~9,0,241
4,4,76~4,7,76
3,5,156~4,5,156
6,8,146~9,8,146
6,0,37~6,2,37
5,6,1~5,8,1
2,4,30~4,4,30
2,2,284~4,2,284
2,2,39~5,2,39
6,1,220~6,1,222
6,5,19~9,5,19
5,9,217~8,9,217
9,0,141~9,4,141
5,3,233~5,3,234
6,0,60~6,1,60
6,5,4~9,5,4
3,5,210~3,6,210
5,5,290~5,7,290
1,6,275~3,6,275
5,3,62~5,5,62
1,2,96~1,4,96
5,0,197~8,0,197
7,4,22~8,4,22
5,1,40~5,3,40
9,3,61~9,5,61
4,9,80~5,9,80
5,0,78~7,0,78
5,8,10~8,8,10
5,1,217~6,1,217
2,1,27~2,3,27
4,2,209~4,4,209
6,5,34~6,6,34
4,1,243~4,3,243
2,9,196~2,9,198
8,5,62~8,8,62
2,1,61~2,1,63
9,9,75~9,9,77
1,2,84~1,5,84
5,2,249~5,2,251
2,1,58~5,1,58
0,8,4~1,8,4
7,8,183~9,8,183
7,2,281~7,2,282
0,3,267~2,3,267
8,4,70~8,5,70
4,1,69~4,4,69
1,3,63~1,5,63
2,4,216~2,7,216
9,8,78~9,8,80
2,2,293~2,2,295
4,0,14~4,2,14
5,5,9~5,8,9
2,6,53~3,6,53
3,1,5~3,3,5
7,5,119~7,6,119
6,7,54~8,7,54
3,0,111~5,0,111
2,7,75~2,8,75
1,3,71~1,5,71
5,0,199~7,0,199
9,7,303~9,9,303
0,7,297~0,9,297
2,4,217~2,5,217
0,0,151~3,0,151
2,0,117~3,0,117
1,5,138~1,7,138
6,4,299~8,4,299
3,4,277~3,6,277
7,0,87~9,0,87
0,4,20~4,4,20
5,4,114~5,6,114
3,4,88~3,6,88
5,6,195~5,9,195
5,6,119~5,6,121
0,8,1~0,9,1
2,6,192~4,6,192
2,2,278~2,4,278
4,2,177~7,2,177
1,1,153~1,3,153
1,5,303~1,8,303
0,9,148~1,9,148
5,7,19~8,7,19
3,9,184~5,9,184
4,1,263~5,1,263
1,4,68~1,6,68
2,6,218~2,8,218
3,3,183~3,5,183
5,2,137~6,2,137
3,6,185~4,6,185
0,2,4~0,3,4
2,6,204~2,7,204
1,3,53~2,3,53
8,6,56~8,9,56
2,4,61~2,7,61
3,6,280~3,9,280
5,0,230~5,3,230
4,8,80~5,8,80
1,8,289~2,8,289
1,5,279~1,7,279
0,3,124~3,3,124
5,3,148~5,4,148
3,8,191~3,9,191
7,1,200~7,3,200
3,7,244~6,7,244
4,3,210~4,5,210
2,7,141~4,7,141
2,6,135~2,8,135
1,4,45~1,5,45
1,0,152~3,0,152
4,2,104~5,2,104
5,4,205~5,6,205
5,6,279~5,7,279
0,6,33~0,8,33
1,0,90~1,3,90
8,1,255~8,1,258
1,2,30~1,4,30
6,1,62~6,2,62
8,9,74~8,9,75
7,2,59~7,5,59
7,2,134~7,3,134
2,5,154~3,5,154
1,0,273~1,2,273
4,3,75~6,3,75
6,4,48~6,7,48
6,8,13~6,9,13
5,7,41~5,9,41
1,1,156~3,1,156
7,0,77~7,3,77
6,1,184~8,1,184
5,4,292~7,4,292
3,6,120~3,8,120
4,9,192~5,9,192
2,7,275~4,7,275
7,3,28~7,5,28
6,1,185~8,1,185
1,8,223~1,9,223
5,5,72~6,5,72
6,5,22~6,8,22
6,2,171~6,2,172
3,5,239~3,8,239
6,1,59~6,3,59
3,1,13~3,4,13
8,3,67~8,6,67
6,3,279~8,3,279
5,6,25~5,6,26
5,3,250~6,3,250
4,7,264~7,7,264
9,7,252~9,7,255
3,4,179~3,5,179
8,5,3~8,8,3
2,3,71~2,5,71
6,5,158~8,5,158
8,5,72~8,6,72
9,4,195~9,7,195
6,1,260~8,1,260
6,5,154~8,5,154
7,4,284~7,6,284
0,9,91~2,9,91
7,0,15~9,0,15
1,0,33~1,2,33
6,7,56~7,7,56
0,2,222~0,2,225
7,4,183~7,4,187
9,6,40~9,8,40
7,5,270~7,7,270
8,7,67~8,9,67
7,8,21~9,8,21
0,5,77~0,7,77
3,5,262~6,5,262
8,9,298~8,9,298
6,6,243~7,6,243
8,4,289~8,7,289
3,1,12~3,4,12
9,0,183~9,2,183
6,2,39~6,5,39
9,1,281~9,4,281
2,8,19~4,8,19
6,1,34~9,1,34
0,1,76~0,3,76
2,7,291~3,7,291
3,3,206~3,4,206
0,6,288~2,6,288
3,2,101~6,2,101
6,6,19~9,6,19
4,9,197~4,9,199
5,0,234~5,0,236
4,4,228~6,4,228
6,5,115~9,5,115
8,5,173~8,7,173
6,3,115~7,3,115
2,7,196~4,7,196
4,5,56~4,5,59
6,2,75~9,2,75
6,4,165~8,4,165
0,3,156~0,6,156
3,2,63~3,4,63
1,5,155~2,5,155
3,7,27~3,9,27
0,4,152~2,4,152
7,3,17~7,3,18
0,0,100~0,0,102
0,7,5~0,8,5
4,4,72~4,4,73
4,6,126~4,8,126
3,2,54~3,5,54
6,4,267~8,4,267
4,0,152~4,0,154
6,6,288~7,6,288
3,7,276~6,7,276
1,2,28~4,2,28
4,6,85~4,8,85
0,8,164~0,9,164
4,7,5~4,8,5
7,0,141~7,0,143
2,6,266~3,6,266
8,4,114~9,4,114
0,7,62~0,9,62
7,4,93~8,4,93
3,7,72~4,7,72
5,0,264~5,2,264
0,7,223~2,7,223
7,7,44~8,7,44
3,0,293~6,0,293
2,2,19~2,3,19
1,1,100~3,1,100
5,7,209~5,8,209
0,8,283~3,8,283
5,2,24~6,2,24
5,2,235~7,2,235
0,1,19~2,1,19
3,0,149~3,2,149
8,1,252~8,1,254
9,5,269~9,5,270
4,1,43~5,1,43
1,3,152~4,3,152
5,2,145~5,5,145
6,2,73~6,5,73
3,2,122~3,5,122
9,7,2~9,9,2
5,7,202~8,7,202
6,2,53~6,2,55
2,6,100~2,8,100
6,6,138~7,6,138
5,5,151~8,5,151
1,1,79~1,3,79
5,3,298~9,3,298
3,5,219~3,7,219
1,0,10~3,0,10
1,2,42~3,2,42
0,7,101~2,7,101
4,0,21~4,0,21
3,3,19~3,6,19
7,1,98~7,3,98
0,8,152~2,8,152
1,3,261~4,3,261
7,6,68~9,6,68
6,0,99~6,2,99
0,0,94~0,3,94
0,5,303~0,7,303
5,6,123~5,9,123
0,4,188~4,4,188
1,4,65~1,6,65
8,7,219~8,9,219
1,7,208~1,9,208
2,9,195~4,9,195
1,9,92~2,9,92
0,4,227~0,6,227
1,7,102~1,8,102
1,0,50~3,0,50
7,6,183~8,6,183
3,6,186~3,6,189
4,1,304~4,3,304
7,2,129~9,2,129
4,5,33~4,6,33
9,7,91~9,7,92
9,3,40~9,5,40
7,1,92~7,4,92
2,1,305~4,1,305
4,7,63~4,9,63
1,3,59~5,3,59
3,5,51~5,5,51
3,4,85~6,4,85
4,7,50~7,7,50
0,3,262~3,3,262
0,8,128~4,8,128
6,6,292~6,8,292
6,1,27~9,1,27
3,3,247~3,3,248
6,1,108~6,3,108
8,6,79~8,9,79
4,7,3~6,7,3
2,2,302~2,4,302
6,9,176~9,9,176
1,1,274~3,1,274
4,9,71~6,9,71
1,5,125~3,5,125
6,2,98~6,4,98
5,0,8~8,0,8
5,1,64~5,3,64
1,3,222~3,3,222
2,8,17~5,8,17
2,0,287~2,3,287
1,2,82~1,2,82
6,2,132~8,2,132
1,3,76~1,5,76
3,1,157~4,1,157
3,7,183~3,9,183
6,6,103~7,6,103
4,2,48~4,4,48
0,2,211~0,3,211
2,5,299~4,5,299
3,9,281~3,9,283
0,7,35~0,9,35
0,7,61~0,9,61
4,4,60~4,7,60
5,1,29~8,1,29
5,0,136~6,0,136
5,3,227~7,3,227
1,5,24~1,5,27
0,4,213~0,6,213
6,6,112~6,8,112
8,1,250~8,2,250
3,0,16~5,0,16
3,4,305~5,4,305
4,2,309~4,4,309
4,3,55~4,5,55
9,7,245~9,7,247
0,8,159~0,8,159
6,0,182~8,0,182
0,4,54~0,5,54
2,7,43~4,7,43
7,4,177~7,5,177
3,9,127~7,9,127
2,1,64~2,3,64
3,5,42~3,8,42
4,1,262~4,3,262
4,0,237~4,2,237
3,5,180~3,7,180
1,2,36~2,2,36
5,3,30~8,3,30
1,4,282~3,4,282
7,1,101~7,3,101
3,4,36~6,4,36
6,3,265~6,5,265
8,1,139~8,4,139
9,6,251~9,7,251
2,4,64~2,6,64
3,6,272~3,9,272
4,2,50~7,2,50
0,4,25~0,6,25
0,0,92~3,0,92
0,2,87~2,2,87
4,3,2~4,3,5
0,0,112~0,0,113
5,1,24~7,1,24
0,6,301~2,6,301
7,1,182~9,1,182
9,7,209~9,9,209
9,4,235~9,7,235
0,4,290~0,6,290
9,0,303~9,2,303
1,5,201~1,8,201
2,2,204~2,2,205
0,3,78~0,4,78
0,4,162~2,4,162
4,2,16~6,2,16
2,3,65~3,3,65
2,3,205~2,3,208
3,5,106~6,5,106
6,2,180~6,3,180
8,8,133~8,9,133
7,5,204~8,5,204
7,9,44~7,9,45
7,0,11~7,3,11
8,4,19~9,4,19
6,4,196~8,4,196
5,2,21~5,3,21
1,0,284~1,4,284
6,2,126~6,4,126
6,5,55~9,5,55
6,0,184~8,0,184
5,4,88~5,4,90
6,6,182~8,6,182
2,3,2~2,5,2
9,4,284~9,6,284
5,5,42~5,7,42
4,2,184~7,2,184
5,9,295~7,9,295
7,4,296~7,4,296
1,8,28~3,8,28
1,5,86~1,8,86
7,3,180~7,5,180
1,2,207~4,2,207
2,4,8~2,6,8
4,4,9~5,4,9
6,6,242~6,8,242
5,4,106~6,4,106
1,7,295~3,7,295
5,1,98~6,1,98
8,5,58~8,7,58
7,9,193~9,9,193
9,7,41~9,8,41
2,5,148~5,5,148
2,9,70~4,9,70
6,7,80~9,7,80
0,4,46~2,4,46
2,3,98~2,3,101
4,4,312~4,7,312
8,2,306~8,4,306
7,3,232~7,5,232
3,2,188~6,2,188
5,0,110~5,2,110
4,4,168~6,4,168
2,1,7~4,1,7
4,4,290~7,4,290
2,0,155~2,0,157
1,5,185~3,5,185
3,8,46~5,8,46
4,6,140~4,8,140
2,2,214~2,5,214
1,4,55~1,4,55
7,5,38~7,6,38
3,7,199~5,7,199
3,8,309~3,8,311
2,4,295~2,6,295
5,0,5~5,1,5
0,5,249~0,6,249
5,1,196~5,3,196
0,0,81~0,0,83
4,4,32~4,6,32
1,4,43~1,7,43
1,2,93~1,4,93
8,4,113~8,6,113
7,6,187~7,9,187
1,3,184~3,3,184
1,6,239~1,9,239
6,6,60~7,6,60
3,8,142~4,8,142
3,6,290~3,8,290
0,8,92~0,9,92
8,6,273~8,8,273
4,4,239~7,4,239
8,2,269~8,4,269
7,0,181~7,2,181
3,4,236~5,4,236
0,1,27~0,3,27
4,3,113~6,3,113
0,7,284~0,9,284
1,1,80~4,1,80
6,6,298~6,8,298
4,5,233~4,8,233
9,5,67~9,5,67
8,2,156~8,5,156
2,2,266~2,4,266
3,3,193~3,3,196
6,3,22~6,3,23
1,6,242~1,7,242
3,5,207~5,5,207
5,6,31~6,6,31
8,3,65~8,7,65
8,7,297~8,9,297
8,3,73~8,5,73
5,5,263~5,7,263
4,6,70~4,7,70
9,5,170~9,6,170
8,4,271~8,7,271
9,0,240~9,2,240
0,6,28~0,8,28
2,1,8~2,3,8
2,8,61~3,8,61
6,4,284~6,5,284
9,3,77~9,5,77
0,4,248~1,4,248
9,1,283~9,3,283
6,2,248~8,2,248
3,1,167~3,1,169
7,6,9~9,6,9
6,2,270~9,2,270
0,9,167~1,9,167
2,6,138~2,9,138
1,7,36~1,7,37
6,4,89~6,6,89
5,7,20~5,9,20
6,4,127~6,6,127
1,1,4~1,2,4
7,4,170~7,6,170
8,7,86~8,9,86
5,1,307~5,3,307
1,1,262~1,2,262
4,1,29~4,3,29
7,1,232~7,2,232
9,5,240~9,7,240
0,2,247~0,5,247
4,2,122~6,2,122
5,2,1~8,2,1
2,7,69~2,9,69
0,0,207~0,3,207
7,6,42~7,8,42
8,4,210~8,5,210
0,9,4~3,9,4
0,5,219~1,5,219
9,8,83~9,8,85
1,7,89~1,9,89
9,2,235~9,2,237
6,0,101~6,0,104
2,4,86~4,4,86
9,5,71~9,5,74
9,1,195~9,3,195
4,0,150~4,2,150
5,2,193~5,4,193
1,6,204~1,8,204
0,4,154~0,6,154
6,9,300~9,9,300
6,0,134~6,2,134
7,4,166~7,7,166
2,1,70~2,3,70
6,7,290~6,9,290
6,9,196~7,9,196
4,4,299~5,4,299
4,8,65~4,8,65
4,7,10~5,7,10
7,5,298~7,7,298
3,2,47~3,5,47
0,7,151~0,9,151
0,2,51~1,2,51
5,4,247~7,4,247
7,2,191~7,5,191
2,3,22~4,3,22
6,8,208~9,8,208
5,3,20~7,3,20
4,5,64~5,5,64
0,3,209~0,6,209
2,4,190~2,5,190
1,7,73~3,7,73
3,2,35~6,2,35
8,3,198~8,5,198
9,1,233~9,4,233
7,0,276~7,0,276
6,4,193~8,4,193
3,2,178~5,2,178
8,5,60~8,7,60
0,8,58~3,8,58
6,5,64~6,7,64
1,5,220~1,8,220
0,0,56~0,0,56
4,5,67~4,7,67
0,5,3~0,7,3
2,8,97~4,8,97
7,0,36~7,1,36
5,1,17~6,1,17
2,2,149~2,5,149
4,1,128~4,2,128
6,5,268~7,5,268
0,3,133~0,5,133
1,0,1~1,2,1
4,5,153~4,5,155
6,8,295~8,8,295
2,2,275~4,2,275
6,1,40~8,1,40
5,5,234~7,5,234
0,7,8~0,9,8
1,9,146~4,9,146
0,3,1~0,5,1
6,4,181~6,6,181
7,4,203~8,4,203
0,0,209~1,0,209
3,5,28~3,7,28
0,4,77~2,4,77
9,7,248~9,9,248
1,8,31~1,9,31
0,2,291~1,2,291
7,0,43~7,2,43
9,0,84~9,2,84
0,6,243~1,6,243
4,1,159~4,1,161
1,6,45~1,6,48
6,3,62~6,5,62
2,7,107~2,9,107
7,4,190~9,4,190
7,2,193~9,2,193
4,2,256~5,2,256
5,6,53~5,7,53
4,6,26~4,7,26
3,1,256~3,2,256
5,3,139~5,3,142
7,9,220~7,9,222
1,2,195~4,2,195
2,6,300~4,6,300
7,8,217~9,8,217
7,7,112~7,8,112
0,7,65~2,7,65
1,8,292~3,8,292
1,7,294~3,7,294
9,3,241~9,6,241
0,8,70~2,8,70
0,2,220~0,5,220
2,2,40~3,2,40
1,8,209~1,9,209
3,4,278~3,4,279
7,5,49~7,5,50
4,9,42~7,9,42
1,5,5~2,5,5
8,2,117~8,4,117
5,8,58~8,8,58
5,1,186~5,3,186
1,4,58~1,5,58
1,3,204~3,3,204
4,3,235~4,5,235
4,4,287~6,4,287
3,3,300~3,5,300
9,0,37~9,1,37
1,2,17~4,2,17
3,3,155~3,3,157
0,2,210~0,4,210
0,3,285~1,3,285
4,7,194~4,9,194
2,2,269~3,2,269
6,4,57~6,6,57
4,9,189~7,9,189
0,5,132~1,5,132
0,5,198~3,5,198
0,8,30~0,9,30
4,5,69~4,7,69
2,8,306~4,8,306
5,5,195~5,5,198
1,3,54~1,4,54
7,3,199~7,4,199
9,8,254~9,9,254
1,6,22~3,6,22
5,0,11~6,0,11
5,2,26~5,4,26
3,4,194~3,7,194
2,2,129~4,2,129
2,4,195~2,6,195
2,1,169~2,4,169
1,1,87~2,1,87
4,5,75~4,7,75
0,1,211~1,1,211
3,6,90~3,8,90
2,0,94~2,2,94
7,6,217~8,6,217
0,6,291~3,6,291
0,6,159~1,6,159
2,4,296~5,4,296
7,9,206~9,9,206
0,8,248~2,8,248
4,6,235~4,6,237
5,4,175~7,4,175
2,3,265~2,6,265
3,7,222~3,9,222
0,1,173~0,3,173
8,3,301~8,5,301
5,4,65~5,7,65
1,2,280~4,2,280
2,8,237~4,8,237
3,2,107~6,2,107
3,0,66~3,2,66
1,1,165~3,1,165
9,4,253~9,6,253
0,2,24~0,3,24
6,7,205~6,9,205
2,4,131~2,7,131
0,1,210~4,1,210
4,6,208~7,6,208
5,4,274~8,4,274
8,7,203~8,9,203
6,7,63~7,7,63
9,1,68~9,4,68
3,8,40~6,8,40
8,3,36~8,5,36
9,2,64~9,5,64
6,2,175~7,2,175
5,9,142~7,9,142
9,7,237~9,8,237
0,2,54~1,2,54
2,9,144~6,9,144
0,4,49~0,4,51
6,1,97~6,4,97
5,9,132~8,9,132
8,4,18~8,8,18
4,4,294~5,4,294
1,6,278~1,8,278
2,7,199~2,7,201
4,1,258~4,2,258
7,5,116~7,6,116
5,7,300~5,8,300
5,4,10~5,5,10
0,2,175~0,6,175
7,7,83~9,7,83
1,0,36~1,1,36
2,6,220~2,8,220
2,8,287~5,8,287
6,0,138~9,0,138
1,6,34~1,8,34
2,5,152~5,5,152
5,4,179~5,7,179
0,2,297~0,3,297
7,7,273~7,8,273
2,9,1~5,9,1
2,2,301~2,5,301
2,0,115~4,0,115
8,4,179~8,7,179
0,9,242~1,9,242
2,6,136~4,6,136
1,8,5~1,9,5
1,1,259~3,1,259
5,5,155~5,7,155
7,9,145~9,9,145
3,4,103~6,4,103
2,0,16~2,3,16
0,8,166~0,8,169
6,3,282~7,3,282
2,2,22~2,2,25
5,7,294~7,7,294
9,6,89~9,8,89
0,4,69~0,6,69
0,0,78~0,2,78
1,1,187~1,3,187
3,6,3~3,8,3
8,5,304~8,5,307
2,4,133~2,6,133
2,6,80~2,6,82
4,2,127~7,2,127
7,8,76~9,8,76
7,3,118~7,5,118
1,3,50~4,3,50
1,2,45~3,2,45
3,4,34~5,4,34
4,7,245~6,7,245
2,4,269~5,4,269
4,5,13~5,5,13
1,7,44~1,8,44
7,2,160~7,4,160
3,2,148~6,2,148
5,7,296~5,9,296
8,1,69~9,1,69
3,0,221~3,4,221
3,3,209~3,6,209
4,4,122~4,7,122
6,8,209~7,8,209
0,5,55~0,8,55
0,6,176~1,6,176
6,6,272~8,6,272
1,3,130~1,5,130
1,8,95~1,9,95
3,4,120~6,4,120
7,6,129~7,8,129
6,5,9~6,7,9
0,3,245~1,3,245
7,0,179~7,3,179
6,4,101~6,6,101
9,8,212~9,9,212
2,0,69~4,0,69
6,5,40~6,5,43
7,2,23~9,2,23
8,7,72~9,7,72
4,5,193~7,5,193
4,1,233~4,1,235
7,7,205~8,7,205
9,3,37~9,6,37
3,6,303~3,9,303
8,2,158~8,2,159
0,7,170~0,9,170
7,9,207~9,9,207
7,3,295~7,5,295
0,1,215~0,3,215
7,0,39~7,1,39
1,4,73~1,4,73
0,3,171~0,5,171
0,0,108~0,0,109
9,0,81~9,2,81
6,6,109~6,8,109
7,5,51~7,8,51
0,2,201~2,2,201
6,3,182~6,3,184
6,3,304~8,3,304
6,1,94~7,1,94
0,9,173~2,9,173
2,0,233~4,0,233
6,1,229~8,1,229
2,0,290~3,0,290
5,6,5~8,6,5
0,0,18~2,0,18
0,4,159~0,4,160
0,7,171~0,7,173
4,2,306~6,2,306
0,8,241~2,8,241
3,4,23~3,4,27
2,1,74~4,1,74
3,1,162~3,3,162
3,2,102~6,2,102
7,6,301~7,6,302
0,0,1~0,1,1
0,6,88~2,6,88
3,5,70~5,5,70
5,2,3~8,2,3
9,3,78~9,3,80
0,2,88~3,2,88
6,5,266~9,5,266
1,1,271~4,1,271
4,0,114~5,0,114
0,2,52~2,2,52
5,8,15~8,8,15
9,2,179~9,4,179
4,8,144~4,8,144
8,5,213~8,7,213
3,2,246~6,2,246
7,6,6~9,6,6
6,6,186~7,6,186
5,2,56~8,2,56
8,0,230~8,2,230
0,9,37~1,9,37
1,9,225~1,9,225
7,9,177~8,9,177
5,3,136~8,3,136
3,1,56~3,4,56
8,6,124~8,6,126
6,4,88~6,6,88
2,9,175~2,9,177
6,0,278~6,2,278
8,6,170~8,9,170
7,7,58~7,7,61
6,1,41~6,2,41
4,0,232~6,0,232
5,1,13~5,4,13
8,7,216~8,9,216
8,7,182~8,9,182
2,0,22~5,0,22
2,2,240~4,2,240
2,1,213~3,1,213
3,4,66~5,4,66
4,0,194~6,0,194
7,0,22~7,2,22
8,6,300~8,8,300
0,8,238~2,8,238
9,2,62~9,4,62
0,4,293~3,4,293
0,5,27~0,5,29
6,2,280~9,2,280
6,5,282~8,5,282
2,0,83~5,0,83
7,5,39~7,7,39
8,4,273~9,4,273
8,9,173~9,9,173
9,0,140~9,2,140
9,1,290~9,4,290
5,2,308~5,3,308
7,6,256~9,6,256
1,1,263~3,1,263
0,5,128~2,5,128
9,3,42~9,4,42
9,1,198~9,4,198
7,5,246~9,5,246
6,4,242~6,5,242
7,4,178~9,4,178
2,6,77~5,6,77
1,5,135~1,7,135
2,5,268~4,5,268
3,3,16~4,3,16
0,9,100~1,9,100
5,1,294~8,1,294
0,3,295~0,5,295
0,6,167~2,6,167
7,1,12~7,4,12
2,3,132~2,4,132
1,2,89~1,4,89
6,1,226~6,4,226
3,9,186~5,9,186
1,1,102~1,2,102
4,0,61~4,2,61
6,0,32~6,2,32
7,2,276~7,4,276
1,4,155~2,4,155
6,5,207~8,5,207
8,0,244~9,0,244
8,4,168~8,4,172
5,2,18~5,4,18
4,9,135~6,9,135
4,0,193~4,2,193
0,0,275~2,0,275
6,9,137~6,9,140
9,4,33~9,5,33
4,6,180~7,6,180
6,8,245~6,8,248
3,5,269~3,7,269
3,0,2~3,3,2
0,6,157~0,8,157
5,8,81~6,8,81
3,5,2~4,5,2
2,1,98~2,2,98
7,3,250~9,3,250
1,9,41~3,9,41
4,1,281~4,3,281
3,2,190~6,2,190
7,6,121~9,6,121
6,5,217~6,8,217
0,6,230~0,6,233
0,7,76~0,8,76
1,4,184~3,4,184
4,1,246~5,1,246
5,3,129~7,3,129
8,1,166~8,4,166
6,5,111~9,5,111
4,6,141~4,6,143
2,0,96~2,3,96
8,2,78~9,2,78
2,3,159~4,3,159
5,8,212~5,8,215
9,1,194~9,4,194
1,2,290~3,2,290
1,6,50~1,7,50
6,6,204~6,8,204
9,2,301~9,5,301
0,1,204~0,2,204
2,5,11~2,7,11
2,5,289~2,7,289
3,9,81~4,9,81
0,5,158~0,6,158
2,3,275~2,4,275
2,5,304~3,5,304
5,5,108~7,5,108
4,2,15~4,3,15
5,9,220~5,9,223
7,6,28~7,7,28
4,1,15~6,1,15
4,7,83~4,9,83
2,3,68~2,5,68
7,6,276~8,6,276
5,3,203~5,6,203
0,6,219~0,8,219
6,6,287~7,6,287
9,7,86~9,8,86
6,4,209~6,7,209
0,2,298~0,3,298
4,8,129~6,8,129
9,5,30~9,7,30
6,9,292~9,9,292
5,3,111~5,6,111
1,3,273~1,6,273
2,1,215~5,1,215
2,7,184~5,7,184
9,3,243~9,7,243
8,9,171~9,9,171
7,1,89~7,4,89
3,8,241~3,8,244
4,3,298~4,6,298
0,0,99~2,0,99
2,0,198~2,2,198
0,4,224~3,4,224
5,3,1~6,3,1
3,9,188~3,9,190
0,6,293~0,6,293
2,9,147~4,9,147
5,6,280~5,7,280
0,5,197~2,5,197
0,2,74~0,5,74
6,1,124~6,3,124
6,6,295~6,7,295
6,4,1~8,4,1
3,2,257~3,5,257
8,6,29~8,9,29
4,5,283~5,5,283
5,8,111~7,8,111
3,6,93~5,6,93
5,6,79~7,6,79
3,2,254~5,2,254
2,4,10~3,4,10
1,1,270~1,3,270
1,4,21~1,7,21
7,7,34~9,7,34
3,6,220~3,9,220
2,9,24~3,9,24
1,4,60~1,6,60
7,8,52~7,9,52
1,1,203~1,3,203
1,4,163~1,4,163
6,6,26~9,6,26
6,4,163~7,4,163
6,4,230~9,4,230
4,8,297~7,8,297
8,9,81~8,9,84
0,8,240~2,8,240
5,0,14~7,0,14
6,7,6~7,7,6
0,0,106~0,2,106
0,0,5~0,2,5
1,8,207~4,8,207
4,5,48~5,5,48
3,3,260~3,6,260
7,0,9~7,2,9
6,0,170~6,0,171
3,1,77~6,1,77
0,5,80~0,5,82
1,0,48~1,2,48
3,7,304~3,7,306
0,7,75~1,7,75
4,6,137~6,6,137
2,5,226~2,7,226
4,7,28~4,9,28
0,0,248~0,2,248
5,0,188~5,1,188
3,9,130~5,9,130
6,6,106~7,6,106
2,3,210~2,6,210
6,4,87~8,4,87
1,3,244~4,3,244
8,6,37~8,9,37
2,7,91~3,7,91
4,0,18~4,1,18
8,1,141~8,3,141
8,4,287~9,4,287
3,3,249~3,3,252
2,4,306~2,6,306
6,1,234~7,1,234
6,9,73~8,9,73
5,5,28~5,7,28
2,8,103~4,8,103
3,0,5~3,0,7
7,4,157~7,5,157
5,1,112~6,1,112
5,7,128~7,7,128
9,1,66~9,3,66
1,0,169~1,1,169
0,4,59~2,4,59
1,1,212~1,2,212
6,7,240~6,9,240
4,3,46~4,6,46
4,4,117~5,4,117
0,0,105~2,0,105
4,7,124~4,9,124
8,6,76~8,7,76
1,6,25~1,6,27
4,6,78~4,9,78
2,7,134~4,7,134
0,4,229~2,4,229
4,0,273~4,2,273
0,8,161~2,8,161
9,5,28~9,8,28
