1647
3868
6176
9081
6552
8626
8524
9092
7726
4880
4233
3425
3999
9416
9430
1417
1600
9235
5044
9668
9892
6982
3800
1320
9649
7728
5576
7426
1654
1881
8770
5989
9308
5602
5703
3997
9496
4694
8564
7475
5264
2083
9692
3987
8354
3557
4525
3929
6594
2184
5476
4483
9964
5229
2977
6773
3061
2933
9206
1604
7138
2543
6927
4146
2564
3692
1672
1744
3276
6074
6670
1865
9234
3701
4312
3877
5048
4019
4455
9426
6368
5233
5697
6363
9150
9647
7594
7553
9106
7839
4787
3381
1089
4296
9663
5625
6528
2092
9894
2149
2551
2446
1617
2399
2047
6661
3379
4825
2625
3317
9679
9990
4693
8030
2056
5360
1554
3950
6385
3243
6324
2292
3099
4290
5423
8326
4531
1085
7109
5638
6794
1605
5698
7857
8391
6327
9856
9862
1013
3268
7212
7472
1470
5357
1959
8813
2978
5964
8249
5334
5218
3524
9237
7546
2186
8392
6545
2139
2900
4496
5556
8486
2898
1257
9838
3934
8364
5686
4646
1400
7476
8846
3563
7995
2700
3808
7800
3079
3744
7116
9539
9084
3718
9646
6443
1274
2952
9151
7110
3901
7320
6405
6951
7485
4076
9640
2355
2646
7866
5810