27572901
27833049
27524573
27779046
27396724
27376017
27446497
27654047
27201516
27475495
27081702
27283937
27951580
27601754
27896040
27713489
27069143
27760372
27709116
27813113
27068066
27392677
27126328
27177040
27259586
27019729
27800115
27061090
27013492
27454624
27226044
27528296
27989482
27986270
27796537
27807582
27109558
27822609
27906672
27433875
27058718
27969158
27306711
27257011
27924565
27634326
27235895
27746114
27651711
27890192
27606896
27827098
27585793
27601311
27742765
27461088
27361056
27469105
27227446
27595015
27426336
27981328
27962771
27544039
27250421
27006239
27893943
27820201
27972335
27693838
27218404
27637289
27910111
27644780
27687077
27683751
27408405
27640012
27154944
27990302
27179966
27074700
27091710
27667792
27851255
27291629
27948894
27274864
27292760
27784363
27307680
27715766
27759821
27547465
27775276
27081727
27405482
27973446
27370558
27626379
27957587
27988525
27843464
27613322
27850486
27644290
27594706
27615705
27213751
27821053
27590123
27354990
27276820
27498295
27174081
27293484
27628715
27514381
27946083
27354292
27285569
27274866
27008456
27161904
27114697
27130552
27356370
27407833
27425649
27945456
27082188
27726922
27945998
27876311
27992712
27118786
27689175
27842235
27122186
27057856
27124360
27732165
27449291
27341898
27831459
27221017
27207026
27135931
27199815
27412402
27320309
27790895
27643951
27859788
27625076
27694403
27253761
27130584
27896985
27783045
27956533
27679605
27728764
27181596
27543800
27454676
27243389
27023815
27158079
27766298
27217239
27972690
27933800
27658819
27552927
27895933
27728534
27625546
27045123
27017310
27914095
27062172
27874942
27901305
27354058
27676103
27079237
27492907
27782769
27919648
27498695
27102162
27796416
27366856
27813173
27835984
27242660
27385556
27985115
27159277
27604989
27295869
27938774
27400506
27007057
27802523
27349810
27232888
27673200
27251382
27757473
27156169
27544911
27334468
27083114
27108202
27237047
27871111
27484889
27355160
27149239
27168067
27559250
27514901
27854381
27861959
27922504
27003135
27030266
27310222
27984985
27774483
27410727
27146039
27435896
27622520
27458559
27684381
27248892
27598545
27392150
27547442
27171312
27018168
27557168
27688219
27640905
27956112
27904366
27566147
27088986
27806324
27054627
27950050
27786157
27614424
27602597
27779884
27896149
27692215
27298204
27784992
27545099
27035693
27704894
27278014
27682582
27561040
27048010
27418434
27571874
27415307
27400057
27760717
27615246
27770965
27680099
27880411
27319777
27430583
27876749
27012335
27339460
27301037
27209679
27712381
27966343
27411951
27773177
27006911
27091601
27869754
27289865
27270850
27335134
27393692
27072611
27136191
27371161
27750565
27737484
27083593
27182763
27085993
27658377
27860787
27826732
27129942
27868382
27151915
27335509
27100725
27354647
27086261
27551425
27397602
27072329
27943704
27411473
27166105
27749180
27149924
27786894
27584455
27398958
27056713
27656706
27737847
27396570
27055409
27496545
27306363
27026191
27820947
27126809
27211881
27827649
27854350
27019777
27911002
27831744
27681823
27876295
27595011
27227302
27096081
27397264
27254236
27523373
27737540
27448800
27021563
27980482
27508803
27243838
27480524
27080632
27863048
27616933
27612543
27667005
27985141
27983952
27488995
27468860
27357919
27898912
27505549
27240210
27634579
27948758
27957191
27511902
27871920
27444704
27953356
27347064
27210251
27736444
27844349
27521425
27751433
27377196
27675146
27886612
27664289
27780652
27071641
27212248
27480923
27381861
27259106
27403130
27207507
27266791
27009654
27980900
27582289
27844911
27830692
27967798
27051829
27488364
27811406
27649959
27704634
27513568
27798788
27573698
27167540
27127016
27682521
27492660
27435825
27606645
27994215
27481664
27504670
27022220
27881093
27969934
27491885
27593202
27090291
27215130
27448066
27454257
27942991
27888379
27113477
27875267
27736121
27665673
27255085
27450931
27637920
27828436
27288195
27183673
27186865
27989205
27489960
27269981
27486977
27555321
27125387
27984101
27689448
27054647
27160679
27220626
27549783
27286515
27003141
27264745
27846646
27165023
27576901
27353446
27993358
27448656
27999536
27844024
27691759
27320756
27684452
27948079
27121242
27987535
27043335
27018340
27335493
27085954
27559784
27402154
27833263
27937487
27858920
27652689
27264396
27246742
27736585
27918296
27654878
27816364
27730827
27790980
27887644
27295411
27404745
27359087
27684422
27510369
27249578
27045716
27617949
27583728
27350623
27259205
27271745