98 89 32 61
46 30 46 95
33 30 69 81
27 91 48 31
53 74 63 15
74 79 75 12
40 29 21 57
20 48 80 56
76 26 70 36
60 39 93 66
54 67 31 57
17 11 42 31
38 65 62 73
27 94 25 41
85 82 67 40
41 28 34 15
92 14 58 57
34 39 24 79
49 27 11 92
47 10 10 42
48 88 18 34
24 50 13 84
26 65 57 78
44 55 74 72
91 63 24 27
88 20 81 85
13 44 56 52
90 32 89 10
36 79 86 78
46 22 71 91
19 76 14 58
24 13 22 33
28 49 62 21
86 25 84 91
35 28 47 97
29 68 80 33
68 19 77 43
78 29 24 16
54 75 14 79
61 92 49 37
49 60 44 41
35 21 52 32
86 96 69 22
38 43 48 99
53 94 11 17
82 31 60 54
60 76 19 42
23 17 40 10
47 78 16 45
36 73 18 64
21 84 99 20
34 75 39 27
66 33 90 21
53 30 25 53
81 69 98 51
67 35 37 29
52 64 18 96
95 25 45 51
69 11 66 85
15 97 59 41
30 98 93 62
42 80 96 88
14 65 42 68
76 68 39 26
67 22 62 92
55 12 77 37
70 75 93 23
22 47 86 32
83 59 45 64
17 98 34 50
71 37 25 89
88 95 77 71
63 97 58 43
61 82 70 16
55 19 26 23
90 87 19 35
90 28 52 59
23 80 31 38
74 66 18 93
77 51 95 46
40 33 43 99
73 37 85 55
45 30 71 38
72 11 82 83
16 59 96 94
87 46 16 83
32 51 26 45
54 41 64 15
36 84 56 72
72 15 58 97
17 56 40 81
99 73 29 28
44 65 50 87
12 63 36 43
94 44 14 13
18 35 20 12
39 87 83 20
70 50 89 23
13 12 38 61