1000 1008 1001 1006
1001 1001 1000 1009
1008 1005 1003 1001
1000 5973 1008 1001
1005 1000 1003 1005
1007 3546 1008 1002
1008 1001 1006 1006
1002 1000 5306 8970
1005 1004 1000 1006
1000 1008 1008 1003
1007 1005 1005 1008
1004 1006 1005 1007
1003 1001 5852 1005
1001 1009 1008 1001
1000 1009 1006 1007
1001 1006 1007 1001
1007 1002 1003 1009
1007 1002 1002 1005
1009 1000 6569 1003
1000 1007 3523 1007
1001 1001 1004 1000
1000 1005 1001 1001
1001 1007 1000 1004
1002 1009 3337 1005
1006 1006 5524 4633
1001 1003 1009 1003
1006 1004 1006 5638
1008 1006 1003 1005
1000 1008 1003 1006
1002 1000 1007 1005
1000 1003 1003 1008
1002 1003 1000 1006
1006 1003 1009 1001
1003 1005 6141 1003
1001 1003 1007 1001
1006 1009 1000 1006
1009 1006 1003 1002
1009 1000 1008 1009
1001 2683 1002 4282
1005 1002 3782 1008
1006 1004 6043 1007
8786 1002 1007 1008
1005 1007 1001 5778
1002 1000 1008 1001
1007 1000 9622 1006
1000 1009 1005 1005
1006 1004 1008 1001
1006 1000 1005 1009
8976 1000 1008 1008
1000 1008 1000 1001